# x, f(x)
-1.200000000000000000e+01,4.567360204182296821e-12
-1.197597597597597563e+01,4.967652239258147170e-12
-1.195195195195195126e+01,5.402247082847922364e-12
-1.192792792792792866e+01,5.874014824192300024e-12
-1.190390390390390429e+01,6.386059624745080685e-12
-1.187987987987987992e+01,6.941738289711363652e-12
-1.185585585585585555e+01,7.544680269761324903e-12
-1.183183183183183118e+01,8.198809199522437917e-12
-1.180780780780780859e+01,8.908366087118347125e-12
-1.178378378378378422e+01,9.677934277217462594e-12
-1.175975975975975985e+01,1.051246631881205150e-11
-1.173573573573573547e+01,1.141731287830989697e-11
-1.171171171171171110e+01,1.239825384852060263e-11
-1.168768768768768851e+01,1.346153181480195290e-11
-1.166366366366366414e+01,1.461388805104451477e-11
-1.163963963963963977e+01,1.586260123035342142e-11
-1.161561561561561540e+01,1.721552904830166785e-11
-1.159159159159159103e+01,1.868115297051038466e-11
-1.156756756756756843e+01,2.026862633113668104e-11
-1.154354354354354406e+01,2.198782602466240464e-11
-1.151951951951951969e+01,2.384940805024873856e-11
-1.149549549549549532e+01,2.586486718592100816e-11
-1.147147147147147095e+01,2.804660108903558718e-11
-1.144744744744744835e+01,3.040797913994793293e-11
-1.142342342342342398e+01,3.296341636761508703e-11
-1.139939939939939961e+01,3.572845281911295246e-11
-1.137537537537537524e+01,3.871983875983262043e-11
-1.135135135135135087e+01,4.195562611751121484e-11
-1.132732732732732828e+01,4.545526661137458494e-11
-1.130330330330330391e+01,4.923971703761861766e-11
-1.127927927927927954e+01,5.333155221433970839e-11
-1.125525525525525516e+01,5.775508612297901259e-11
-1.123123123123123079e+01,6.253650181947589137e-11
-1.120720720720720642e+01,6.770399072677855322e-11
-1.118318318318318383e+01,7.328790196128144975e-11
-1.115915915915915946e+01,7.932090238927448656e-11
-1.113513513513513509e+01,8.583814815578277106e-11
-1.111111111111111072e+01,9.287746847740337972e-11
-1.108708708708708635e+01,1.004795625430699385e-10
-1.106306306306306375e+01,1.086882104223090119e-10
-1.103903903903903938e+01,1.175504989396635666e-10
-1.101501501501501501e+01,1.271170635367703084e-10
-1.099099099099099064e+01,1.374423472103091297e-10
-1.096696696696696627e+01,1.485848776849114505e-10
-1.094294294294294367e+01,1.606075640553654386e-10
-1.091891891891891930e+01,1.735780142123619370e-10
-1.089489489489489493e+01,1.875688744508361693e-10
-1.087087087087087056e+01,2.026581927499602695e-10
-1.084684684684684619e+01,2.189298073093579094e-10
-1.082282282282282360e+01,2.364737620274011840e-10
-1.079879879879879923e+01,2.553867507149375616e-10
-1.077477477477477485e+01,2.757725919516930835e-10
-1.075075075075075048e+01,2.977427366134651373e-10
-1.072672672672672611e+01,3.214168102262180457e-10
-1.070270270270270174e+01,3.469231924389154328e-10
-1.067867867867867915e+01,3.743996360507385778e-10
-1.065465465465465478e+01,4.039939281806283913e-10
-1.063063063063063041e+01,4.358645963284079429e-10
-1.060660660660660604e+01,4.701816622476370554e-10
-1.058258258258258167e+01,5.071274467311290429e-10
-1.055855855855855907e+01,5.468974286015511592e-10
-1.053453453453453470e+01,5.897011614020910301e-10
-1.051051051051051033e+01,6.357632514965116792e-10
-1.048648648648648596e+01,6.853244015146991444e-10
-1.046246246246246159e+01,7.386425233195532451e-10
-1.043843843843843899e+01,7.959939249246673884e-10
-1.041441441441441462e+01,8.576745760603206483e-10
-1.039039039039039025e+01,9.240014573685337486e-10
-1.036636636636636588e+01,9.953139985074849150e-10
-1.034234234234234151e+01,1.071975610761747049e-09
-1.031831831831831892e+01,1.154375320089005808e-09
-1.029429429429429455e+01,1.242929506886738940e-09
-1.027027027027027017e+01,1.338083759134854480e-09
-1.024624624624624580e+01,1.440314845963565466e-09
-1.022222222222222143e+01,1.550132819110882224e-09
-1.019819819819819884e+01,1.668083250171877683e-09
-1.017417417417417447e+01,1.794749612004091690e-09
-1.015015015015015010e+01,1.930755813140476610e-09
-1.012612612612612573e+01,2.076768894575352144e-09
-1.010210210210210136e+01,2.233501898830364935e-09
-1.007807807807807876e+01,2.401716921778376056e-09
-1.005405405405405439e+01,2.582228358305253976e-09
-1.003003003003003002e+01,2.775906353522712686e-09
-1.000600600600600565e+01,2.983680471914124893e-09
-9.981981981981981278e+00,3.206543597497382720e-09
-9.957957957957958683e+00,3.445556078830032177e-09
-9.933933933933934313e+00,3.701850133460878138e-09
-9.909909909909909942e+00,3.976634527252443768e-09
-9.885885885885885571e+00,4.271199544862193194e-09
-9.861861861861861200e+00,4.586922268577481470e-09
-9.837837837837838606e+00,4.925272183654643265e-09
-9.813813813813814235e+00,5.287817129316477376e-09
-9.789789789789789864e+00,5.676229615617155312e-09
-9.765765765765765494e+00,6.092293527493966656e-09
-9.741741741741741123e+00,6.537911238489823346e-09
-9.717717717717718529e+00,7.015111157855191790e-09
-9.693693693693694158e+00,7.526055736024554683e-09
-9.669669669669669787e+00,8.073049954811998245e-09
-9.645645645645645416e+00,8.658550330089371974e-09
-9.621621621621621046e+00,9.285174456196842039e-09
-9.597597597597598451e+00,9.955711122898646181e-09
-9.573573573573574080e+00,1.067313103733332399e-08
-9.549549549549549710e+00,1.144059818512617984e-08
-9.525525525525525339e+00,1.226148186663358831e-08
-9.501501501501500968e+00,1.313936944617630025e-08
-9.477477477477478374e+00,1.407807985409869834e-08
-9.453453453453454003e+00,1.508167788356542393e-08
-9.429429429429429632e+00,1.615448932617745304e-08
-9.405405405405405261e+00,1.730111699276886131e-08
-9.381381381381380891e+00,1.852645766812427605e-08
-9.357357357357358296e+00,1.983572005085404811e-08
-9.333333333333333925e+00,2.123444373227443112e-08
-9.309309309309309555e+00,2.272851927086892745e-08
-9.285285285285285184e+00,2.432420942176926013e-08
-9.261261261261260813e+00,2.602817158367745174e-08
-9.237237237237238219e+00,2.784748152877844808e-08
-9.213213213213213848e+00,2.978965848445769590e-08
-9.189189189189189477e+00,3.186269163904921790e-08
-9.165165165165165106e+00,3.407506814740989909e-08
-9.141141141141140736e+00,3.643580271583600006e-08
-9.117117117117118141e+00,3.895446884972908909e-08
-9.093093093093093771e+00,4.164123185148063748e-08
-9.069069069069069400e+00,4.450688366027786096e-08
-9.045045045045045029e+00,4.756287962996202544e-08
-9.021021021021020658e+00,5.082137734567740817e-08
-8.996996996996998064e+00,5.429527758486385867e-08
-8.972972972972971917e+00,5.799826753316074945e-08
-8.948948948948949322e+00,6.194486637101516806e-08
-8.924924924924924952e+00,6.615047335224704400e-08
-8.900900900900900581e+00,7.063141850148089321e-08
-8.876876876876877986e+00,7.540501606328618349e-08
-8.852852852852851839e+00,8.048962084201189417e-08
-8.828828828828829245e+00,8.590468757770492845e-08
-8.804804804804804874e+00,9.167083351019194277e-08
-8.780780780780780503e+00,9.780990429030718488e-08
-8.756756756756756133e+00,1.043450434045012286e-07
-8.732732732732731762e+00,1.113007652865409689e-07
-8.708708708708709167e+00,1.187030322978246833e-07
-8.684684684684684797e+00,1.265793357659398482e-07
-8.660660660660660426e+00,1.349587812795018250e-07
-8.636636636636636055e+00,1.438721784460752804e-07
-8.612612612612611684e+00,1.533521353290436290e-07
-8.588588588588589090e+00,1.634331577887287236e-07
-8.564564564564564719e+00,1.741517539628430379e-07
-8.540540540540540349e+00,1.855465441314914896e-07
-8.516516516516515978e+00,1.976583762224901935e-07
-8.492492492492491607e+00,2.105304472236520353e-07
-8.468468468468469013e+00,2.242084307800128051e-07
-8.444444444444444642e+00,2.387406112656885849e-07
-8.420420420420420271e+00,2.541780246321755715e-07
-8.396396396396395900e+00,2.705746063475068068e-07
-8.372372372372371530e+00,2.879873467536397109e-07
-8.348348348348348935e+00,3.064764541829581935e-07
-8.324324324324324564e+00,3.261055261886715297e-07
-8.300300300300300194e+00,3.469417292582965368e-07
-8.276276276276275823e+00,3.690559873943167584e-07
-8.252252252252251452e+00,3.925231799614873358e-07
-8.228228228228228858e+00,4.174223492161460123e-07
-8.204204204204204487e+00,4.438369179493378207e-07
-8.180180180180180116e+00,4.718549176924642333e-07
-8.156156156156155745e+00,5.015692279517267084e-07
-8.132132132132131375e+00,5.330778269556330083e-07
-8.108108108108108780e+00,5.664840544184597559e-07
-8.084084084084084409e+00,6.018968868418056321e-07
-8.060060060060060039e+00,6.394312258960439138e-07
-8.036036036036035668e+00,6.792082004440015292e-07
-8.012012012012011297e+00,7.213554827900454883e-07
-7.987987987987987815e+00,7.660076197594412241e-07
-7.963963963963964332e+00,8.133063792350669577e-07
-7.939939939939939961e+00,8.634011128013733973e-07
-7.915915915915915591e+00,9.164491351691015149e-07
-7.891891891891892108e+00,9.726161210783343955e-07
-7.867867867867867737e+00,1.032076520402348475e-06
-7.843843843843844255e+00,1.095013992200217451e-06
-7.819819819819819884e+00,1.161621858492262632e-06
-7.795795795795795513e+00,1.232103578559373025e-06
-7.771771771771772030e+00,1.306673244594722216e-06
-7.747747747747747660e+00,1.385556099564632597e-06
-7.723723723723724177e+00,1.468989078164377561e-06
-7.699699699699699806e+00,1.557221371784185234e-06
-7.675675675675675436e+00,1.650515018431292414e-06
-7.651651651651651953e+00,1.749145518584765140e-06
-7.627627627627627582e+00,1.853402477991621787e-06
-7.603603603603603212e+00,1.963590278445431570e-06
-7.579579579579579729e+00,2.080028777621344495e-06
-7.555555555555555358e+00,2.203054039076086387e-06
-7.531531531531531876e+00,2.333019093555169595e-06
-7.507507507507507505e+00,2.470294732785761376e-06
-7.483483483483483134e+00,2.615270336968987632e-06
-7.459459459459459651e+00,2.768354737222299629e-06
-7.435435435435435281e+00,2.929977114260333984e-06
-7.411411411411411798e+00,3.100587934639827588e-06
-7.387387387387387427e+00,3.280659925933728029e-06
-7.363363363363363057e+00,3.470689092238476514e-06
-7.339339339339339574e+00,3.671195771458280939e-06
-7.315315315315315203e+00,3.882725735851489162e-06
-7.291291291291291721e+00,4.105851337364157168e-06
-7.267267267267267350e+00,4.341172699318826806e-06
-7.243243243243242979e+00,4.589318956068144636e-06
-7.219219219219219497e+00,4.850949542265495639e-06
-7.195195195195195126e+00,5.126755533449418886e-06
-7.171171171171171643e+00,5.417461039680307247e-06
-7.147147147147147273e+00,5.723824654014226778e-06
-7.123123123123122902e+00,6.046640957641863856e-06
-7.099099099099099419e+00,6.386742083565813416e-06
-7.075075075075075048e+00,6.744999340735820428e-06
-7.051051051051050678e+00,7.122324900605155583e-06
-7.027027027027027195e+00,7.519673548119255834e-06
-7.003003003003002824e+00,7.938044499192548181e-06
-6.978978978978979342e+00,8.378483286775185974e-06
-6.954954954954954971e+00,8.842083717659855315e-06
-6.930930930930930600e+00,9.329989902221582585e-06
-6.906906906906907118e+00,9.843398359333442290e-06
-6.882882882882882747e+00,1.038356019874468408e-05
-6.858858858858859264e+00,1.095178338325429653e-05
-6.834834834834834894e+00,1.154943507306057681e-05
-6.810810810810810523e+00,1.217794405470939162e-05
-6.786786786786787040e+00,1.283880325711244793e-05
-6.762762762762762669e+00,1.353357235714951137e-05
-6.738738738738739187e+00,1.426388047741206982e-05
-6.714714714714714816e+00,1.503142897869253972e-05
-6.690690690690690445e+00,1.583799434986113473e-05
-6.666666666666666963e+00,1.668543119781915363e-05
-6.642642642642642592e+00,1.757567534025536777e-05
-6.618618618618619109e+00,1.851074700397232776e-05
-6.594594594594594739e+00,1.949275413159154717e-05
-6.570570570570570368e+00,2.052389579947820836e-05
-6.546546546546546885e+00,2.160646574976839599e-05
-6.522522522522522515e+00,2.274285603941309528e-05
-6.498498498498498144e+00,2.393556080918548119e-05
-6.474474474474474661e+00,2.518718017563455536e-05
-6.450450450450450290e+00,2.650042424899006152e-05
-6.426426426426426808e+00,2.787811728005866037e-05
-6.402402402402402437e+00,2.932320193917188695e-05
-6.378378378378378066e+00,3.083874373026954119e-05
-6.354354354354354584e+00,3.242793554322840992e-05
-6.330330330330330213e+00,3.409410234755425555e-05
-6.306306306306306730e+00,3.584070603058057313e-05
-6.282282282282282360e+00,3.767135038332403157e-05
-6.258258258258257989e+00,3.958978623715428359e-05
-6.234234234234234506e+00,4.159991675445048263e-05
-6.210210210210210136e+00,4.370580287640634531e-05
-6.186186186186186653e+00,4.591166893115738171e-05
-6.162162162162162282e+00,4.822190840539060055e-05
-6.138138138138137911e+00,5.064108988258864119e-05
-6.114114114114114429e+00,5.317396315105603561e-05
-6.090090090090090058e+00,5.582546548484178131e-05
-6.066066066066065687e+00,5.860072810066741899e-05
-6.042042042042042205e+00,6.150508279393162420e-05
-6.018018018018017834e+00,6.454406875683346245e-05
-5.993993993993994351e+00,6.772343958162462896e-05
-5.969969969969969981e+00,7.104917045194627590e-05
-5.945945945945945610e+00,7.452746552517498118e-05
-5.921921921921922127e+00,7.816476550863298326e-05
-5.897897897897897757e+00,8.196775543246832612e-05
-5.873873873873874274e+00,8.594337262193761889e-05
-5.849849849849849903e+00,9.009881487175900824e-05
-5.825825825825825532e+00,9.444154882511493802e-05
-5.801801801801802050e+00,9.897931855980608609e-05
-5.777777777777777679e+00,1.037201543839603307e-04
-5.753753753753754197e+00,1.086723818435990363e-04
-5.729729729729729826e+00,1.138446309442607757e-04
-5.705705705705705455e+00,1.192458455887574219e-04
-5.681681681681681972e+00,1.248852932330227780e-04
-5.657657657657657602e+00,1.307725747618762233e-04
-5.633633633633634119e+00,1.369176345863832960e-04
-5.609609609609609748e+00,1.433307709643493258e-04
-5.585585585585585378e+00,1.500226465453199758e-04
-5.561561561561561895e+00,1.570042991412979444e-04
-5.537537537537537524e+00,1.642871527242085723e-04
-5.513513513513513153e+00,1.718830286509576719e-04
-5.489489489489489671e+00,1.798041571167339992e-04
-5.465465465465465300e+00,1.880631888370012169e-04
-5.441441441441441818e+00,1.966732069584041552e-04
-5.417417417417417447e+00,2.056477391985997015e-04
-5.393393393393393076e+00,2.150007702147692639e-04
-5.369369369369369593e+00,2.247467542003421049e-04
-5.345345345345345223e+00,2.349006277091861879e-04
-5.321321321321321740e+00,2.454778227062587716e-04
-5.297297297297297369e+00,2.564942798434388009e-04
-5.273273273273272999e+00,2.679664619589521729e-04
-5.249249249249249516e+00,2.799113677985235545e-04
-5.225225225225225145e+00,2.923465459560565909e-04
-5.201201201201201663e+00,3.052901090313225982e-04
-5.177177177177177292e+00,3.187607480018151275e-04
-5.153153153153152921e+00,3.327777468055569858e-04
-5.129129129129129439e+00,3.473609971313075442e-04
-5.105105105105105068e+00,3.625310134122369538e-04
-5.081081081081080697e+00,3.783089480187455341e-04
-5.057057057057057214e+00,3.947166066457277723e-04
-5.033033033033032844e+00,4.117764638891584054e-04
-5.009009009009009361e+00,4.295116790064613965e-04
-4.984984984984984990e+00,4.479461118547094787e-04
-4.960960960960960620e+00,4.671043390002300468e-04
-4.936936936936937137e+00,4.870116699927720672e-04
-4.912912912912912766e+00,5.076941637969034984e-04
-4.888888888888889284e+00,5.291786453728286859e-04
-4.864864864864864913e+00,5.514927223983641076e-04
-4.840840840840840542e+00,5.746648021232495613e-04
-4.816816816816817060e+00,5.987241083465322895e-04
-4.792792792792792689e+00,6.237006985071973228e-04
-4.768768768768769206e+00,6.496254808776886092e-04
-4.744744744744744835e+00,6.765302318494604769e-04
-4.720720720720720465e+00,7.044476132990999543e-04
-4.696696696696696982e+00,7.334111900230485138e-04
-4.672672672672672611e+00,7.634554472283515891e-04
-4.648648648648649129e+00,7.946158080662904565e-04
-4.624624624624624758e+00,8.269286511951949841e-04
-4.600600600600600387e+00,8.604313283580920617e-04
-4.576576576576576905e+00,8.951621819602983022e-04
-4.552552552552552534e+00,9.311605626314177963e-04
-4.528528528528528163e+00,9.684668467556014747e-04
-4.504504504504504681e+00,1.007122453953322250e-03
-4.480480480480480310e+00,1.047169864497282058e-03
-4.456456456456456827e+00,1.088652636644411734e-03
-4.432432432432432456e+00,1.131615423865356320e-03
-4.408408408408408086e+00,1.176103991952112205e-03
-4.384384384384384603e+00,1.222165235983944075e-03
-4.360360360360360232e+00,1.269847197130975118e-03
-4.336336336336336750e+00,1.319199079274236547e-03
-4.312312312312312379e+00,1.370271265420377896e-03
-4.288288288288288008e+00,1.423115333888461554e-03
-4.264264264264264526e+00,1.477784074245777277e-03
-4.240240240240240155e+00,1.534331502968856124e-03
-4.216216216216216672e+00,1.592812878805282759e-03
-4.192192192192192302e+00,1.653284717811280124e-03
-4.168168168168167931e+00,1.715804808039357891e-03
-4.144144144144144448e+00,1.780432223849770729e-03
-4.120120120120120077e+00,1.847227339818886685e-03
-4.096096096096096595e+00,1.916251844216892031e-03
-4.072072072072072224e+00,1.987568752026840427e-03
-4.048048048048047853e+00,2.061242417476243701e-03
-4.024024024024024371e+00,2.137338546052028592e-03
-4.000000000000000000e+00,2.215924205969003764e-03
-3.975975975975975629e+00,2.297067839061465565e-03
-3.951951951951951258e+00,2.380839271067068576e-03
-3.927927927927928664e+00,2.467309721271539451e-03
-3.903903903903904293e+00,2.556551811482359830e-03
-3.879879879879879923e+00,2.648639574298950784e-03
-3.855855855855855552e+00,2.743648460646645835e-03
-3.831831831831831181e+00,2.841655346541118073e-03
-3.807807807807808587e+00,2.942738539049559628e-03
-3.783783783783784216e+00,3.046977781414639350e-03
-3.759759759759759845e+00,3.154454257306692124e-03
-3.735735735735735474e+00,3.265250594169533810e-03
-3.711711711711711104e+00,3.379450865624721197e-03
-3.687687687687688509e+00,3.497140592899009980e-03
-3.663663663663664138e+00,3.618406745239437228e-03
-3.639639639639639768e+00,3.743337739280196749e-03
-3.615615615615615397e+00,3.872023437325440662e-03
-3.591591591591591026e+00,4.004555144511904967e-03
-3.567567567567568432e+00,4.141025604815157593e-03
-3.543543543543544061e+00,4.281528995863310809e-03
-3.519519519519519690e+00,4.426160922521786556e-03
-3.495495495495495319e+00,4.575018409213119260e-03
-3.471471471471470949e+00,4.728199890935489216e-03
-3.447447447447448354e+00,4.885805202943959390e-03
-3.423423423423423984e+00,5.047935569058615256e-03
-3.399399399399399613e+00,5.214693588563741426e-03
-3.375375375375375242e+00,5.386183221662835773e-03
-3.351351351351350871e+00,5.562509773454137746e-03
-3.327327327327328277e+00,5.743779876392013720e-03
-3.303303303303303906e+00,5.930101471199850961e-03
-3.279279279279279535e+00,6.121583786200379858e-03
-3.255255255255255165e+00,6.318337315030312859e-03
-3.231231231231230794e+00,6.520473792706305699e-03
-3.207207207207206423e+00,6.728106170010088663e-03
-3.183183183183183829e+00,6.941348586161300016e-03
-3.159159159159159458e+00,7.160316339747346479e-03
-3.135135135135135087e+00,7.385125857880130845e-03
-3.111111111111110716e+00,7.615894663550844268e-03
-3.087087087087086346e+00,7.852741341154524657e-03
-3.063063063063063751e+00,8.095785500157237982e-03
-3.039039039039039380e+00,8.345147736879910197e-03
-3.015015015015015010e+00,8.600949594373557411e-03
-2.990990990990990639e+00,8.863313520362483405e-03
-2.966966966966966268e+00,9.132362823232613794e-03
-2.942942942942943674e+00,9.408221626043830957e-03
-2.918918918918919303e+00,9.691014818546540843e-03
-2.894894894894894932e+00,9.980868007183750501e-03
-2.870870870870870561e+00,1.027790746306217820e-02
-2.846846846846846191e+00,1.058226006787668129e-02
-2.822822822822823596e+00,1.089405325777447961e-02
-2.798798798798799226e+00,1.121341496514724825e-02
-2.774774774774774855e+00,1.154047355834048397e-02
-2.750750750750750484e+00,1.187535777927228864e-02
-2.726726726726726113e+00,1.221819667895459455e-02
-2.702702702702703519e+00,1.256911955091251192e-02
-2.678678678678679148e+00,1.292825586249932678e-02
-2.654654654654654777e+00,1.329573518410637548e-02
-2.630630630630630407e+00,1.367168711626996769e-02
-2.606606606606606036e+00,1.405624121467889676e-02
-2.582582582582583441e+00,1.444952691308882577e-02
-2.558558558558559071e+00,1.485167344415218305e-02
-2.534534534534534700e+00,1.526280975817395809e-02
-2.510510510510510329e+00,1.568306443980733988e-02
-2.486486486486485958e+00,1.611256562270441117e-02
-2.462462462462463364e+00,1.655144090214044628e-02
-2.438438438438438993e+00,1.699981724563280616e-02
-2.414414414414414622e+00,1.745782090157740538e-02
-2.390390390390390252e+00,1.792557730592967899e-02
-2.366366366366365881e+00,1.840321098695832033e-02
-2.342342342342343287e+00,1.889084546810369108e-02
-2.318318318318318916e+00,1.938860316897543512e-02
-2.294294294294294545e+00,1.989660530452611042e-02
-2.270270270270270174e+00,2.041497178244150099e-02
-2.246246246246245803e+00,2.094382109879019960e-02
-2.222222222222221433e+00,2.148327023197862257e-02
-2.198198198198198838e+00,2.203343453505994531e-02
-2.174174174174174468e+00,2.259442762644936140e-02
-2.150150150150150097e+00,2.316636127909945178e-02
-2.126126126126125726e+00,2.374934530819453743e-02
-2.102102102102101355e+00,2.434348745742381803e-02
-2.078078078078078761e+00,2.494889328389753025e-02
-2.054054054054054390e+00,2.556566604177270413e-02
-2.030030030030030019e+00,2.619390656465796219e-02
-2.006006006006005649e+00,2.683371314687061152e-02
-1.981981981981981278e+00,2.748518142362118069e-02
-1.957957957957958683e+00,2.814840425020425502e-02
-1.933933933933934313e+00,2.882347158027738845e-02
-1.909909909909909942e+00,2.951047034331192448e-02
-1.885885885885885571e+00,3.020948432130385330e-02
-1.861861861861861200e+00,3.092059402483468208e-02
-1.837837837837838606e+00,3.164387656857502173e-02
-1.813813813813814235e+00,3.237940554632752488e-02
-1.789789789789789864e+00,3.312725090570663861e-02
-1.765765765765765494e+00,3.388747882255763871e-02
-1.741741741741741123e+00,3.466015157521794288e-02
-1.717717717717718529e+00,3.544532741872753745e-02
-1.693693693693694158e+00,3.624306045909762852e-02
-1.669669669669669787e+00,3.705340052774817178e-02
-1.645645645645645416e+00,3.787639305622911984e-02
-1.621621621621621046e+00,3.871207895134048949e-02
-1.597597597597598451e+00,3.956049447076995934e-02
-1.573573573573574080e+00,4.042167109936836700e-02
-1.549549549549549710e+00,4.129563542618475136e-02
-1.525525525525525339e+00,4.218240902238631906e-02
-1.501501501501500968e+00,4.308200832018848486e-02
-1.477477477477478374e+00,4.399444449292307796e-02
-1.453453453453454003e+00,4.491972333637442999e-02
-1.429429429429429632e+00,4.585784515151313662e-02
-1.405405405405405261e+00,4.680880462876105264e-02
-1.381381381381380891e+00,4.777259073391997707e-02
-1.357357357357358296e+00,4.874918659589864284e-02
-1.333333333333333925e+00,4.973856939637432556e-02
-1.309309309309309555e+00,5.074071026152369296e-02
-1.285285285285285184e+00,5.175557415596190175e-02
-1.261261261261260813e+00,5.278311977902595820e-02
-1.237237237237238219e+00,5.382329946354080796e-02
-1.213213213213213848e+00,5.487605907720678744e-02
-1.189189189189189477e+00,5.594133792674524375e-02
-1.165165165165165106e+00,5.701906866494232257e-02
-1.141141141141140736e+00,5.810917720072736325e-02
-1.117117117117116365e+00,5.921158261242427667e-02
-1.093093093093093771e+00,6.032619706431216478e-02
-1.069069069069069400e+00,6.145292572663236391e-02
-1.045045045045045029e+00,6.259166669917558268e-02
-1.021021021021020658e+00,6.374231093858503949e-02
-9.969969969969962875e-01,6.490474218950749441e-02
-9.729729729729736931e-01,6.607883691972350759e-02
-9.489489489489493224e-01,6.726446425938782669e-02
-9.249249249249249516e-01,6.846148594450607305e-02
-9.009009009009005808e-01,6.966975626477581174e-02
-8.768768768768762101e-01,7.088912201591428264e-02
-8.528528528528536157e-01,7.211942245659493100e-02
-8.288288288288292449e-01,7.336048927011212806e-02
-8.048048048048048742e-01,7.461214653088854565e-02
-7.807807807807805034e-01,7.587421067594089796e-02
-7.567567567567561326e-01,7.714649048141242194e-02
-7.327327327327335382e-01,7.842878704427973247e-02
-7.087087087087091675e-01,7.972089376933791383e-02
-6.846846846846847967e-01,8.102259636156225464e-02
-6.606606606606604259e-01,8.233367282394474240e-02
-6.366366366366360552e-01,8.365389346089567579e-02
-6.126126126126134608e-01,8.498302088729907389e-02
-5.885885885885890900e-01,8.632081004330567631e-02
-5.645645645645647193e-01,8.766700821494134710e-02
-5.405405405405403485e-01,8.902135506060721015e-02
-5.165165165165159777e-01,9.038358264353947569e-02
-4.924924924924933833e-01,9.175341547029457201e-02
-4.684684684684690126e-01,9.313057053531881291e-02
-4.444444444444446418e-01,9.451475737165611346e-02
-4.204204204204202711e-01,9.590567810784408898e-02
-3.963963963963959003e-01,9.730302753104033697e-02
-3.723723723723733059e-01,9.870649315641717714e-02
-3.483483483483489351e-01,1.001157553028567820e-01
-3.243243243243245644e-01,1.015304871749712068e-01
-3.003003003003001936e-01,1.029503549514689392e-01
-2.762762762762758229e-01,1.043750178798801276e-01
-2.522522522522532284e-01,1.058041283776480490e-01
-2.282282282282288577e-01,1.072373321395886231e-01
-2.042042042042044869e-01,1.086742682517103514e-01
-1.801801801801801162e-01,1.101145693113852464e-01
-1.561561561561557454e-01,1.115578615538498769e-01
-1.321321321321313746e-01,1.130037649850124115e-01
-1.081081081081087802e-01,1.144518935205324356e-01
-8.408408408408440948e-02,1.159018551311363776e-01
-6.006006006006003872e-02,1.173532519941197505e-01
-3.603603603603566796e-02,1.188056806509870944e-01
-1.201201201201129720e-02,1.202587321711672402e-01
1.201201201201129720e-02,1.217119923217387656e-01
3.603603603603566796e-02,1.231650417430921185e-01
6.006006006006003872e-02,1.246174561304469602e-01
8.408408408408440948e-02,1.260688064211390735e-01
1.081081081081087802e-01,1.275186589875813847e-01
1.321321321321313746e-01,1.289665758357982916e-01
1.561561561561557454e-01,1.304121148094261051e-01
1.801801801801801162e-01,1.318548297990630447e-01
2.042042042042044869e-01,1.332942709568495365e-01
2.282282282282288577e-01,1.347299849161490981e-01
2.522522522522514521e-01,1.361615150161955001e-01
2.762762762762758229e-01,1.375884015315653186e-01
3.003003003003001936e-01,1.390101819063268573e-01
3.243243243243245644e-01,1.404263909927132292e-01
3.483483483483489351e-01,1.418365612941578091e-01
3.723723723723715295e-01,1.432402232125261632e-01
3.963963963963959003e-01,1.446369052993729254e-01
4.204204204204202711e-01,1.460261345110434317e-01
4.444444444444446418e-01,1.474074364674386184e-01
4.684684684684690126e-01,1.487803357142523375e-01
4.924924924924916070e-01,1.501443559884866885e-01
5.165165165165159777e-01,1.514990204870458879e-01
5.405405405405403485e-01,1.528438521382027016e-01
5.645645645645647193e-01,1.541783738757290800e-01
5.885885885885890900e-01,1.555021089154759451e-01
6.126126126126116844e-01,1.568145810341831092e-01
6.366366366366360552e-01,1.581153148502974504e-01
6.606606606606604259e-01,1.594038361065706899e-01
6.846846846846847967e-01,1.606796719542085694e-01
7.087087087087091675e-01,1.619423512383350028e-01
7.327327327327317619e-01,1.631914047845352544e-01
7.567567567567561326e-01,1.644263656862375300e-01
7.807807807807805034e-01,1.656467695926888972e-01
8.048048048048048742e-01,1.668521549972813156e-01
8.288288288288292449e-01,1.680420635259789186e-01
8.528528528528536157e-01,1.692160402255970253e-01
8.768768768768762101e-01,1.703736338516813609e-01
9.009009009009005808e-01,1.715143971557347435e-01
9.249249249249249516e-01,1.726378871715363583e-01
9.489489489489493224e-01,1.737436655003001262e-01
9.729729729729736931e-01,1.748312985944155129e-01
9.969969969969962875e-01,1.759003580395155919e-01
1.021021021021020658e+00,1.769504208346171226e-01
1.045045045045045029e+00,1.779810696700757922e-01
1.069069069069069400e+00,1.789918932031042409e-01
1.093093093093093771e+00,1.799824863305971023e-01
1.117117117117116365e+00,1.809524504590114824e-01
1.141141141141140736e+00,1.819013937710521334e-01
1.165165165165165106e+00,1.828289314889109118e-01
1.189189189189189477e+00,1.837346861338151893e-01
1.213213213213213848e+00,1.846182877816391066e-01
1.237237237237236442e+00,1.854793743143367257e-01
1.261261261261260813e+00,1.863175916669579935e-01
1.285285285285285184e+00,1.871325940700113433e-01
1.309309309309309555e+00,1.879240442869418992e-01
1.333333333333333925e+00,1.886916138464966031e-01
1.357357357357356520e+00,1.894349832697524438e-01
1.381381381381380891e+00,1.901538422915883264e-01
1.405405405405405261e+00,1.908478900763857233e-01
1.429429429429429632e+00,1.915168354277483609e-01
1.453453453453454003e+00,1.921603969920364086e-01
1.477477477477476597e+00,1.927783034555159425e-01
1.501501501501500968e+00,1.933702937349306983e-01
1.525525525525525339e+00,1.939361171613080415e-01
1.549549549549549710e+00,1.944755336568190496e-01
1.573573573573574080e+00,1.949883139045172631e-01
1.597597597597596675e+00,1.954742395107884334e-01
1.621621621621621046e+00,1.959331031603502860e-01
1.645645645645645416e+00,1.963647087636479494e-01
1.669669669669669787e+00,1.967688715964987789e-01
1.693693693693694158e+00,1.971454184318471303e-01
1.717717717717716752e+00,1.974941876634974669e-01
1.741741741741741123e+00,1.978150294217025096e-01
1.765765765765765494e+00,1.981078056804898291e-01
1.789789789789789864e+00,1.983723903566204094e-01
1.813813813813814235e+00,1.986086694000788466e-01
1.837837837837838606e+00,1.988165408760049768e-01
1.861861861861861200e+00,1.989959150379840558e-01
1.885885885885885571e+00,1.991467143926220762e-01
1.909909909909909942e+00,1.992688737553409695e-01
1.933933933933934313e+00,1.993623402973373759e-01
1.957957957957958683e+00,1.994270735836580211e-01
1.981981981981981278e+00,1.994630456023528120e-01
2.006006006006005649e+00,1.994702407846764558e-01
2.030030030030030019e+00,1.994486560163183098e-01
2.054054054054054390e+00,1.993983006396486957e-01
2.078078078078078761e+00,1.993191964469802069e-01
2.102102102102101355e+00,1.992113776648497814e-01
2.126126126126125726e+00,1.990748909293382773e-01
2.150150150150150097e+00,1.989097952524520596e-01
2.174174174174174468e+00,1.987161619796005141e-01
2.198198198198198838e+00,1.984940747382125947e-01
2.222222222222221433e+00,1.982436293775440006e-01
2.246246246246245803e+00,1.979649338997356567e-01
2.270270270270270174e+00,1.976581083821931928e-01
2.294294294294294545e+00,1.973232848913651083e-01
2.318318318318318916e+00,1.969606073880064978e-01
2.342342342342341510e+00,1.965702316240235947e-01
2.366366366366365881e+00,1.961523250310023558e-01
2.390390390390390252e+00,1.957070666005328585e-01
2.414414414414414622e+00,1.952346467564495536e-01
2.438438438438438993e+00,1.947352672191143830e-01
2.462462462462461588e+00,1.942091408618788761e-01
2.486486486486485958e+00,1.936564915598676107e-01
2.510510510510510329e+00,1.930775540312339444e-01
2.534534534534534700e+00,1.924725736710450330e-01
2.558558558558559071e+00,1.918418063779611937e-01
2.582582582582581665e+00,1.911855183738804809e-01
2.606606606606606036e+00,1.905039860167267729e-01
2.630630630630630407e+00,1.897974956065653640e-01
2.654654654654654777e+00,1.890663431852368792e-01
2.678678678678679148e+00,1.883108343297046627e-01
2.702702702702701743e+00,1.875312839393191711e-01
2.726726726726726113e+00,1.867280160172046233e-01
2.750750750750750484e+00,1.859013634459823483e-01
2.774774774774774855e+00,1.850516677580459624e-01
2.798798798798799226e+00,1.841792789006118924e-01
2.822822822822821820e+00,1.832845549957697606e-01
2.846846846846846191e+00,1.823678620957639995e-01
2.870870870870870561e+00,1.814295739337397628e-01
2.894894894894894932e+00,1.804700716701906071e-01
2.918918918918919303e+00,1.794897436353483089e-01
2.942942942942943674e+00,1.784889850677580658e-01
2.966966966966966268e+00,1.774681978492852197e-01
2.990990990990990639e+00,1.764277902368009965e-01
3.015015015015015010e+00,1.753681765907986745e-01
3.039039039039039380e+00,1.742897771011900632e-01
3.063063063063063751e+00,1.731930175105372838e-01
3.087087087087086346e+00,1.720783288349730655e-01
3.111111111111110716e+00,1.709461470830646312e-01
3.135135135135135087e+00,1.697969129728776061e-01
3.159159159159159458e+00,1.686310716474943572e-01
3.183183183183183829e+00,1.674490723892433086e-01
3.207207207207206423e+00,1.662513683328940284e-01
3.231231231231230794e+00,1.650384161780723835e-01
3.255255255255255165e+00,1.638106759011504765e-01
3.279279279279279535e+00,1.625686104668616072e-01
3.303303303303303906e+00,1.613126855398928916e-01
3.327327327327326500e+00,1.600433691967033112e-01
3.351351351351350871e+00,1.587611316378139681e-01
3.375375375375375242e+00,1.574664449008162104e-01
3.399399399399399613e+00,1.561597825743376300e-01
3.423423423423423984e+00,1.548416195132060746e-01
3.447447447447446578e+00,1.535124315550472074e-01
3.471471471471470949e+00,1.521726952385475118e-01
3.495495495495495319e+00,1.508228875236126421e-01
3.519519519519519690e+00,1.494634855136446061e-01
3.543543543543544061e+00,1.480949661801597983e-01
3.567567567567566655e+00,1.467178060899638481e-01
3.591591591591591026e+00,1.453324811350951429e-01
3.615615615615615397e+00,1.439394662657454693e-01
3.639639639639639768e+00,1.425392352263588069e-01
3.663663663663664138e+00,1.411322602951062821e-01
3.687687687687686733e+00,1.397190120269296010e-01
3.711711711711711104e+00,1.382999590003386181e-01
3.735735735735735474e+00,1.368755675681459782e-01
3.759759759759759845e+00,1.354463016123114427e-01
3.783783783783784216e+00,1.340126223030677632e-01
3.807807807807806810e+00,1.325749878624897793e-01
3.831831831831831181e+00,1.311338533326643907e-01
3.855855855855855552e+00,1.296896703486135616e-01
3.879879879879879923e+00,1.282428869161122420e-01
3.903903903903904293e+00,1.267939471945418450e-01
3.927927927927928664e+00,1.253432912849092307e-01
3.951951951951951258e+00,1.238913550231568184e-01
3.975975975975975629e+00,1.224385697788809152e-01
4.000000000000000000e+00,1.209853622595716827e-01
4.024024024024022594e+00,1.195321543204766052e-01
4.048048048048048742e+00,1.180793627801865892e-01
4.072072072072071336e+00,1.166273992420368139e-01
4.096096096096097483e+00,1.151766699214018946e-01
4.120120120120120077e+00,1.137275754789682791e-01
4.144144144144142672e+00,1.122805108600475887e-01
4.168168168168168819e+00,1.108358651399989486e-01
4.192192192192191413e+00,1.093940213758144708e-01
4.216216216216217560e+00,1.079553564639152002e-01
4.240240240240240155e+00,1.065202410042046521e-01
4.264264264264262749e+00,1.050890391704098065e-01
4.288288288288288896e+00,1.036621085867431291e-01
4.312312312312311491e+00,1.022398002109056597e-01
4.336336336336337638e+00,1.008224582234446831e-01
4.360360360360360232e+00,9.941041992347976475e-02
4.384384384384382827e+00,9.800401563079333411e-02
4.408408408408408974e+00,9.660356859428691212e-02
4.432432432432431568e+00,9.520939490679040940e-02
4.456456456456457715e+00,9.382180342620580205e-02
4.480480480480480310e+00,9.244109570296767109e-02
4.504504504504502904e+00,9.106756591378543930e-02
4.528528528528529051e+00,8.970150080163796780e-02
4.552552552552551646e+00,8.834317962197803242e-02
4.576576576576577793e+00,8.699287409509842695e-02
4.600600600600600387e+00,8.565084836461346607e-02
4.624624624624622982e+00,8.431735896199285540e-02
4.648648648648649129e+00,8.299265477709072414e-02
4.672672672672671723e+00,8.167697703460093106e-02
4.696696696696697870e+00,8.037055927636450881e-02
4.720720720720720465e+00,7.907362734945723448e-02
4.744744744744743059e+00,7.778639939997049335e-02
4.768768768768769206e+00,7.650908587240416725e-02
4.792792792792791801e+00,7.524188951457970453e-02
4.816816816816817948e+00,7.398500538797762871e-02
4.840840840840840542e+00,7.273862088340582455e-02
4.864864864864863137e+00,7.150291574189165944e-02
4.888888888888889284e+00,7.027806208069724281e-02
4.912912912912911878e+00,6.906422442434712039e-02
4.936936936936938025e+00,6.786155974055535500e-02
4.960960960960960620e+00,6.667021748094109634e-02
4.984984984984983214e+00,6.549033962641022388e-02
5.009009009009009361e+00,6.432206073708685024e-02
5.033033033033031955e+00,6.316550800667054821e-02
5.057057057057058103e+00,6.202080132109238919e-02
5.081081081081080697e+00,6.088805332134729353e-02
5.105105105105103291e+00,5.976736947036830061e-02
5.129129129129129439e+00,5.865884812381685215e-02
5.153153153153152033e+00,5.756258060465453685e-02
5.177177177177178180e+00,5.647865128136177887e-02
5.201201201201200774e+00,5.540713764967233196e-02
5.225225225225223369e+00,5.434811041768317086e-02
5.249249249249249516e+00,5.330163359420728858e-02
5.273273273273272110e+00,5.226776458023030258e-02
5.297297297297298257e+00,5.124655426333184910e-02
5.321321321321320852e+00,5.023804711493756736e-02
5.345345345345343446e+00,4.924228129025862155e-02
5.369369369369369593e+00,4.825928873078454834e-02
5.393393393393392188e+00,4.728909526918988887e-02
5.417417417417418335e+00,4.633172073651519590e-02
5.441441441441440929e+00,4.538717907148906439e-02
5.465465465465467076e+00,4.445547843184970149e-02
5.489489489489489671e+00,4.353662130753507137e-02
5.513513513513512265e+00,4.263060463560192775e-02
5.537537537537538412e+00,4.173741991674339430e-02
5.561561561561561007e+00,4.085705333327075556e-02
5.585585585585587154e+00,3.998948586842684949e-02
5.609609609609609748e+00,3.913469342690392011e-02
5.633633633633632343e+00,3.829264695643367494e-02
5.657657657657658490e+00,3.746331257032579909e-02
5.681681681681681084e+00,3.664665167082837433e-02
5.705705705705707231e+00,3.584262107318574031e-02
5.729729729729729826e+00,3.505117313027547588e-02
5.753753753753752420e+00,3.427225585770164729e-02
5.777777777777778567e+00,3.350581305923008152e-02
5.801801801801801162e+00,3.275178445244962544e-02
5.825825825825827309e+00,3.201010579454566241e-02
5.849849849849849903e+00,3.128070900807859017e-02
5.873873873873872498e+00,3.056352230665602965e-02
5.897897897897898645e+00,2.985847032039661356e-02
5.921921921921921239e+00,2.916547422108134446e-02
5.945945945945947386e+00,2.848445184689182494e-02
5.969969969969969981e+00,2.781531782664064742e-02
5.993993993993992575e+00,2.715798370339631354e-02
6.018018018018018722e+00,2.651235805741379223e-02
6.042042042042041317e+00,2.587834662828058033e-02
6.066066066066067464e+00,2.525585243619167877e-02
6.090090090090090058e+00,2.464477590227256293e-02
6.114114114114112652e+00,2.404501496786746323e-02
6.138138138138138800e+00,2.345646521271792934e-02
6.162162162162161394e+00,2.287901997195667531e-02
6.186186186186187541e+00,2.231257045184456556e-02
6.210210210210210136e+00,2.175700584418479439e-02
6.234234234234232730e+00,2.121221343934640360e-02
6.258258258258258877e+00,2.067807873783696765e-02
6.282282282282281471e+00,2.015448556036461558e-02
6.306306306306307619e+00,1.964131615633200184e-02
6.330330330330330213e+00,1.913845131071125263e-02
6.354354354354352807e+00,1.864577044924705870e-02
6.378378378378378954e+00,1.816315174194256185e-02
6.402402402402401549e+00,1.769047220478270344e-02
6.426426426426427696e+00,1.722760779965293657e-02
6.450450450450450290e+00,1.677443353241635585e-02
6.474474474474472885e+00,1.633082354911112935e-02
6.498498498498499032e+00,1.589665123023729226e-02
6.522522522522521626e+00,1.547178928310153842e-02
6.546546546546547773e+00,1.505610983219221773e-02
6.570570570570570368e+00,1.464948450756106517e-02
6.594594594594592962e+00,1.425178453118764593e-02
6.618618618618619109e+00,1.386288080130858823e-02
6.642642642642641704e+00,1.348264397469381252e-02
6.666666666666667851e+00,1.311094454685473101e-02
6.690690690690690445e+00,1.274765293017386669e-02
6.714714714714713040e+00,1.239263952994434752e-02
6.738738738738739187e+00,1.204577481831357356e-02
6.762762762762761781e+00,1.170692940612525108e-02
6.786786786786787928e+00,1.137597411265666401e-02
6.810810810810810523e+00,1.105278003325177796e-02
6.834834834834833117e+00,1.073721860485010379e-02
6.858858858858859264e+00,1.042916166941620232e-02
6.882882882882881859e+00,1.012848153527480706e-02
6.906906906906908006e+00,9.835051036358536877e-03
6.930930930930930600e+00,9.548743589378797664e-03
6.954954954954953195e+00,9.269433248929483463e-03
6.978978978978979342e+00,8.996994760537554287e-03
7.003003003003001936e+00,8.731303611674538431e-03
7.027027027027028083e+00,8.472236080744700165e-03
7.051051051051050678e+00,8.219669284068524540e-03
7.075075075075073272e+00,7.973481220879537895e-03
7.099099099099099419e+00,7.733550816355938204e-03
7.123123123123122014e+00,7.499757962708574442e-03
7.147147147147148161e+00,7.271983558348105690e-03
7.171171171171170755e+00,7.050109545156586256e-03
7.195195195195193349e+00,6.834018943888035304e-03
7.219219219219219497e+00,6.623595887725419566e-03
7.243243243243242091e+00,6.418725654021393591e-03
7.267267267267268238e+00,6.219294694251075242e-03
7.291291291291290833e+00,6.025190662207188970e-03
7.315315315315313427e+00,5.836302440466962192e-03
7.339339339339339574e+00,5.652520165162685031e-03
7.363363363363362168e+00,5.473735249087442918e-03
7.387387387387388316e+00,5.299840403168313077e-03
7.411411411411410910e+00,5.130729656340724497e-03
7.435435435435433504e+00,4.966298373856896028e-03
7.459459459459459651e+00,4.806443274063139891e-03
7.483483483483482246e+00,4.651062443680287900e-03
7.507507507507508393e+00,4.500055351622015559e-03
7.531531531531530987e+00,4.353322861386913802e-03
7.555555555555557135e+00,4.210767242059167657e-03
7.579579579579579729e+00,4.072292177954318741e-03
7.603603603603602323e+00,3.937802776945471296e-03
7.627627627627628470e+00,3.807205577506528847e-03
7.651651651651651065e+00,3.680408554508468686e-03
7.675675675675677212e+00,3.557321123804709113e-03
7.699699699699699806e+00,3.437854145642299172e-03
7.723723723723722401e+00,3.321919926934557756e-03
7.747747747747748548e+00,3.209432222431789911e-03
7.771771771771771142e+00,3.100306234825857266e-03
7.795795795795797289e+00,2.994458613824363489e-03
7.819819819819819884e+00,2.891807454230461115e-03
7.843843843843842478e+00,2.792272293063328102e-03
7.867867867867868625e+00,2.695774105754842557e-03
7.891891891891891220e+00,2.602235301457225987e-03
7.915915915915917367e+00,2.511579717496091081e-03
7.939939939939939961e+00,2.423732613003513024e-03
7.963963963963962556e+00,2.338620661764567212e-03
7.987987987987988703e+00,2.256171944311148331e-03
8.012012012012011297e+00,2.176315939295990227e-03
8.036036036036037444e+00,2.098983514179371401e-03
8.060060060060060039e+00,2.024106915260958511e-03
8.084084084084082633e+00,1.951619757088096348e-03
8.108108108108108780e+00,1.881457011271972729e-03
8.132132132132131375e+00,1.813554994742180978e-03
8.156156156156157522e+00,1.747851357469673789e-03
8.180180180180180116e+00,1.684285069687904528e-03
8.204204204204202711e+00,1.622796408640835930e-03
8.228228228228228858e+00,1.563326944886449547e-03
8.252252252252251452e+00,1.505819528183469438e-03
8.276276276276277599e+00,1.450218272988407567e-03
8.300300300300300194e+00,1.396468543589780278e-03
8.324324324324322788e+00,1.344516938905175206e-03
8.348348348348348935e+00,1.294311276966774848e-03
8.372372372372371530e+00,1.245800579119951028e-03
8.396396396396397677e+00,1.198935053958978276e-03
8.420420420420420271e+00,1.153666081023484386e-03
8.444444444444442865e+00,1.109946194278253100e-03
8.468468468468469013e+00,1.067729065398729952e-03
8.492492492492491607e+00,1.026969486883676360e-03
8.516516516516517754e+00,9.876233550158240032e-04
8.540540540540540349e+00,9.496476526909058491e-04
8.564564564564562943e+00,9.130004321345031688e-04
8.588588588588589090e+00,8.776407975258155225e-04
8.612612612612611684e+00,8.435288875466300136e-04
8.636636636636637832e+00,8.106258578731288019e-04
8.660660660660660426e+00,7.788938636277439832e-04
8.684684684684683020e+00,7.482960418073520336e-04
8.708708708708709167e+00,7.187964937037638049e-04
8.732732732732731762e+00,6.903602673316813114e-04
8.756756756756757909e+00,6.629533398786924443e-04
8.780780780780780503e+00,6.365426001914331524e-04
8.804804804804803098e+00,6.110958313112180816e-04
8.828828828828829245e+00,5.865816930721000095e-04
8.852852852852851839e+00,5.629697047735754065e-04
8.876876876876877986e+00,5.402302279396292446e-04
8.900900900900900581e+00,5.183344491753600616e-04
8.924924924924923175e+00,4.972543631316930432e-04
8.948948948948949322e+00,4.769627555883442708e-04
8.972972972972971917e+00,4.574331866645572745e-04
8.996996996996998064e+00,4.386399741666211763e-04
9.021021021021020658e+00,4.205581770807770379e-04
9.045045045045043253e+00,4.031635792194747945e-04
9.069069069069069400e+00,3.864326730286064544e-04
9.093093093093091994e+00,3.703426435627832640e-04
9.117117117117118141e+00,3.548713526352602235e-04
9.141141141141140736e+00,3.399973231487601151e-04
9.165165165165163330e+00,3.256997236128650352e-04
9.189189189189189477e+00,3.119583528533706376e-04
9.213213213213212072e+00,2.987536249184786358e-04
9.237237237237238219e+00,2.860665541863281975e-04
9.261261261261260813e+00,2.738787406780359627e-04
9.285285285285283408e+00,2.621723555799301613e-04
9.309309309309309555e+00,2.509301269784060457e-04
9.333333333333332149e+00,2.401353258104107862e-04
9.357357357357358296e+00,2.297717520322225800e-04
9.381381381381380891e+00,2.198237210089210101e-04
9.405405405405403485e+00,2.102760501265299789e-04
9.429429429429429632e+00,2.011140456286042064e-04
9.453453453453452227e+00,1.923234896786685396e-04
9.477477477477478374e+00,1.838906276496426572e-04
9.501501501501500968e+00,1.758021556411579699e-04
9.525525525525523562e+00,1.680452082253327227e-04
9.549549549549549710e+00,1.606073464213931472e-04
9.573573573573572304e+00,1.534765458992418455e-04
9.597597597597598451e+00,1.466411854118458236e-04
9.621621621621621046e+00,1.400900354561334944e-04
9.645645645645647193e+00,1.338122471618176769e-04
9.669669669669669787e+00,1.277973414074310766e-04
9.693693693693692381e+00,1.220351981626000779e-04
9.717717717717718529e+00,1.165160460554635408e-04
9.741741741741741123e+00,1.112304521639288481e-04
9.765765765765767270e+00,1.061693120293060453e-04
9.789789789789789864e+00,1.013238398907275692e-04
9.813813813813812459e+00,9.668555913857663922e-05
9.837837837837838606e+00,9.224629298505213743e-05
9.861861861861861200e+00,8.799815534984298184e-05
9.885885885885887348e+00,8.393354195876754763e-05
9.909909909909909942e+00,8.004512165314168581e-05
9.933933933933932536e+00,7.632582790750245400e-05
9.957957957957958683e+00,7.276885055325016459e-05
9.981981981981981278e+00,6.936762770566033307e-05
1.000600600600600742e+01,6.611583789163560433e-05
1.003003003003003002e+01,6.300739237551120726e-05
1.005405405405405261e+01,6.003642768012795158e-05
1.007807807807807876e+01,5.719729830035310913e-05
1.010210210210210136e+01,5.448456960615428551e-05
1.012612612612612750e+01,5.189301093228284933e-05
1.015015015015015010e+01,4.941758885159067550e-05
1.017417417417417269e+01,4.705346062894417248e-05
1.019819819819819884e+01,4.479596785268557667e-05
1.022222222222222143e+01,4.264063024054909172e-05
1.024624624624624758e+01,4.058313961691512338e-05
1.027027027027027017e+01,3.861935405827907102e-05
1.029429429429429277e+01,3.674529220377577814e-05
1.031831831831831892e+01,3.495712772761009555e-05
1.034234234234234151e+01,3.325118397022307237e-05
1.036636636636636766e+01,3.162392872502285598e-05
1.039039039039039025e+01,3.007196917751954685e-05
1.041441441441441285e+01,2.859204699369121585e-05
1.043843843843843899e+01,2.718103355443224922e-05
1.046246246246246159e+01,2.583592533293500688e-05
1.048648648648648773e+01,2.455383941187209347e-05
1.051051051051051033e+01,2.333200913726870000e-05
1.053453453453453292e+01,2.216777990596398111e-05
1.055855855855855907e+01,2.105860508359196271e-05
1.058258258258258167e+01,2.000204205003066593e-05
1.060660660660660781e+01,1.899574836929514323e-05
1.063063063063063041e+01,1.803747808088314005e-05
1.065465465465465300e+01,1.712507810960535481e-05
1.067867867867867915e+01,1.625648479097185702e-05
1.070270270270270174e+01,1.542972050923542562e-05
1.072672672672672789e+01,1.464289044522822115e-05
1.075075075075075048e+01,1.389417943116962377e-05
1.077477477477477308e+01,1.318184890965414662e-05
1.079879879879879923e+01,1.250423399407511735e-05
1.082282282282282182e+01,1.185974062777518446e-05
1.084684684684684797e+01,1.124684283925710045e-05
1.087087087087087056e+01,1.066408009083401795e-05
1.089489489489489316e+01,1.011005471813581606e-05
1.091891891891891930e+01,9.583429457937535912e-06
1.094294294294294190e+01,9.082925061816561846e-06
1.096696696696696804e+01,8.607317993190911163e-06
1.099099099099099064e+01,8.155438205338300171e-06
1.101501501501501323e+01,7.726166998037779112e-06
1.103903903903903938e+01,7.318434950525035950e-06
1.106306306306306197e+01,6.931219928496534201e-06
1.108708708708708812e+01,6.563545162943963222e-06
1.111111111111111072e+01,6.214477398648377387e-06
1.113513513513513331e+01,5.883125110207168459e-06
1.115915915915915946e+01,5.568636783515754607e-06
1.118318318318318205e+01,5.270199260670343805e-06
1.120720720720720820e+01,4.987036146304086843e-06
1.123123123123123079e+01,4.718406273416228387e-06
1.125525525525525339e+01,4.463602226796854029e-06
1.127927927927927954e+01,4.221948922197494609e-06
1.130330330330330213e+01,3.992802239440874179e-06
1.132732732732732828e+01,3.775547707707883695e-06
1.135135135135135087e+01,3.569599241284931919e-06
1.137537537537537347e+01,3.374397924096476550e-06
1.139939939939939961e+01,3.189410841392453396e-06
1.142342342342342221e+01,3.014129957001718849e-06
1.144744744744744835e+01,2.848071034604701537e-06
1.147147147147147095e+01,2.690772601520811930e-06
1.149549549549549354e+01,2.541794953545593581e-06
1.151951951951951969e+01,2.400719199414304592e-06
1.154354354354354228e+01,2.267146343507261289e-06
1.156756756756756843e+01,2.140696405451466530e-06
1.159159159159159103e+01,2.021007575312043822e-06
1.161561561561561717e+01,1.907735403103574933e-06
1.163963963963963977e+01,1.800552021389658117e-06
1.166366366366366236e+01,1.699145399774233857e-06
1.168768768768768851e+01,1.603218630124777256e-06
1.171171171171171110e+01,1.512489241401905023e-06
1.173573573573573725e+01,1.426688543004114338e-06
1.175975975975975985e+01,1.345560995570480868e-06
1.178378378378378244e+01,1.268863608216225442e-06
1.180780780780780859e+01,1.196365361208846686e-06
1.183183183183183118e+01,1.127846653123558138e-06
1.185585585585585733e+01,1.063098771547422067e-06
1.187987987987987992e+01,1.001923386432044628e-06
1.190390390390390252e+01,9.441320652233059934e-07
1.192792792792792866e+01,8.895458089258196723e-07
1.195195195195195126e+01,8.379946082873652329e-07
1.197597597597597741e+01,7.893170193157212766e-07
1.200000000000000000e+01,7.433597573671488389e-07
