# x, f(x)
-1.200000000000000000e+01,1.112362079854614139e-05
-1.197597597597597563e+01,1.151603199599805772e-05
-1.195195195195195126e+01,1.192152186692614967e-05
-1.192792792792792866e+01,1.234049800264821907e-05
-1.190390390390390429e+01,1.277337969255499800e-05
-1.187987987987987992e+01,1.322059822579753818e-05
-1.185585585585585555e+01,1.368259719965214060e-05
-1.183183183183183118e+01,1.415983283467710017e-05
-1.180780780780780859e+01,1.465277429677490350e-05
-1.178378378378378422e+01,1.516190402627534377e-05
-1.175975975975975985e+01,1.568771807415601487e-05
-1.173573573573573547e+01,1.623072644551619754e-05
-1.171171171171171110e+01,1.679145345042303917e-05
-1.168768768768768851e+01,1.737043806224691938e-05
-1.166366366366366414e+01,1.796823428360599885e-05
-1.163963963963963977e+01,1.858541152003917468e-05
-1.161561561561561540e+01,1.922255496152761256e-05
-1.159159159159159103e+01,1.988026597198640837e-05
-1.156756756756756843e+01,2.055916248684635966e-05
-1.154354354354354406e+01,2.125987941884891424e-05
-1.151951951951951969e+01,2.198306907217589243e-05
-1.149549549549549532e+01,2.272940156503617262e-05
-1.147147147147147095e+01,2.349956526083369477e-05
-1.144744744744744835e+01,2.429426720803811745e-05
-1.142342342342342398e+01,2.511423358888259849e-05
-1.139939939939939961e+01,2.596021017701252850e-05
-1.137537537537537524e+01,2.683296280420706796e-05
-1.135135135135135087e+01,2.773327783630032627e-05
-1.132732732732732828e+01,2.866196265842214941e-05
-1.130330330330330391e+01,2.961984616968490048e-05
-1.127927927927927954e+01,3.060777928743836515e-05
-1.125525525525525516e+01,3.162663546121547282e-05
-1.123123123123123079e+01,3.267731119649375758e-05
-1.120720720720720642e+01,3.376072658839255621e-05
-1.118318318318318383e+01,3.487782586542864796e-05
-1.115915915915915946e+01,3.602957794345451777e-05
-1.113513513513513509e+01,3.721697698989452765e-05
-1.111111111111111072e+01,3.844104299840545475e-05
-1.108708708708708635e+01,3.970282237407636897e-05
-1.106306306306306375e+01,4.100338852928760717e-05
-1.103903903903903938e+01,4.234384249034845832e-05
-1.101501501501501501e+01,4.372531351502572061e-05
-1.099099099099099064e+01,4.514895972108316503e-05
-1.096696696696696627e+01,4.661596872594308362e-05
-1.094294294294294367e+01,4.812755829758361462e-05
-1.091891891891891930e+01,4.968497701678323270e-05
-1.089489489489489493e+01,5.128950495082194248e-05
-1.087087087087087056e+01,5.294245433874737212e-05
-1.084684684684684619e+01,5.464517028831222193e-05
-1.082282282282282360e+01,5.639903148468763255e-05
-1.079879879879879923e+01,5.820545091105438102e-05
-1.077477477477477485e+01,6.006587658117267442e-05
-1.075075075075075048e+01,6.198179228402855986e-05
-1.072672672672672611e+01,6.395471834065241472e-05
-1.070270270270270174e+01,6.598621237320420195e-05
-1.067867867867867915e+01,6.807787008641244335e-05
-1.065465465465465478e+01,7.023132606146068090e-05
-1.063063063063063041e+01,7.244825456239948854e-05
-1.060660660660660604e+01,7.473037035517175329e-05
-1.058258258258258167e+01,7.707942953932790577e-05
-1.055855855855855907e+01,7.949723039250481240e-05
-1.053453453453453470e+01,8.198561422774496878e-05
-1.051051051051051033e+01,8.454646626371822751e-05
-1.048648648648648596e+01,8.718171650791748219e-05
-1.046246246246246159e+01,8.989334065288498432e-05
-1.043843843843843899e+01,9.268336098552582068e-05
-1.041441441441441462e+01,9.555384730956621719e-05
-1.039039039039039025e+01,9.850691788119673054e-05
-1.036636636636636588e+01,1.015447403579525319e-04
-1.034234234234234151e+01,1.046695327608653957e-04
-1.031831831831831892e+01,1.078835644499209095e-04
-1.029429429429429455e+01,1.111891571128546634e-04
-1.027027027027027017e+01,1.145886857673051191e-04
-1.024624624624624580e+01,1.180845797763488544e-04
-1.022222222222222143e+01,1.216793238774263006e-04
-1.019819819819819884e+01,1.253754592246672701e-04
-1.017417417417417447e+01,1.291755844446196625e-04
-1.015015015015015010e+01,1.330823567053722684e-04
-1.012612612612612573e+01,1.370984927990664677e-04
-1.010210210210210136e+01,1.412267702377782274e-04
-1.007807807807807876e+01,1.454700283627418441e-04
-1.005405405405405439e+01,1.498311694668947637e-04
-1.003003003003003002e+01,1.543131599306945807e-04
-1.000600600600600565e+01,1.589190313711732517e-04
-9.981981981981981278e+00,1.636518818041728216e-04
-9.957957957957958683e+00,1.685148768196992103e-04
-9.933933933933934313e+00,1.735112507703367058e-04
-9.909909909909909942e+00,1.786443079726348000e-04
-9.885885885885885571e+00,1.839174239213964344e-04
-9.861861861861861200e+00,1.893340465167691017e-04
-9.837837837837838606e+00,1.948976973040373749e-04
-9.813813813813814235e+00,2.006119727260160352e-04
-9.789789789789789864e+00,2.064805453879118224e-04
-9.765765765765765494e+00,2.125071653345434093e-04
-9.741741741741741123e+00,2.186956613397701981e-04
-9.717717717717718529e+00,2.250499422079875543e-04
-9.693693693693694158e+00,2.315739980875383718e-04
-9.669669669669669787e+00,2.382719017958639723e-04
-9.645645645645645416e+00,2.451478101562290794e-04
-9.621621621621621046e+00,2.522059653458303742e-04
-9.597597597597598451e+00,2.594506962550874839e-04
-9.573573573573574080e+00,2.668864198579191352e-04
-9.549549549549549710e+00,2.745176425927722884e-04
-9.525525525525525339e+00,2.823489617541864640e-04
-9.501501501501500968e+00,2.903850668946477993e-04
-9.477477477477478374e+00,2.986307412364724617e-04
-9.453453453453454003e+00,3.070908630934740665e-04
-9.429429429429429632e+00,3.157704073021101103e-04
-9.405405405405405261e+00,3.246744466618480809e-04
-9.381381381381380891e+00,3.338081533844317289e-04
-9.357357357357358296e+00,3.431768005517341655e-04
-9.333333333333333925e+00,3.527857635818858087e-04
-9.309309309309309555e+00,3.626405217033167342e-04
-9.285285285285285184e+00,3.727466594363767864e-04
-9.261261261261260813e+00,3.831098680821664465e-04
-9.237237237237238219e+00,3.937359472181832130e-04
-9.213213213213213848e+00,4.046308062004190932e-04
-9.189189189189189477e+00,4.158004656714649541e-04
-9.165165165165165106e+00,4.272510590742356488e-04
-9.141141141141140736e+00,4.389888341708642386e-04
-9.117117117117118141e+00,4.510201545663062076e-04
-9.093093093093093771e+00,4.633515012362178715e-04
-9.069069069069069400e+00,4.759894740585930120e-04
-9.045045045045045029e+00,4.889407933486990092e-04
-9.021021021021020658e+00,5.022123013967818086e-04
-8.996996996996998064e+00,5.158109640080183866e-04
-8.972972972972971917e+00,5.297438720441946134e-04
-8.948948948948949322e+00,5.440182429665163261e-04
-8.924924924924924952e+00,5.586414223790362810e-04
-8.900900900900900581e+00,5.736208855720614829e-04
-8.876876876876877986e+00,5.889642390649622514e-04
-8.852852852852851839e+00,6.046792221477784732e-04
-8.828828828828829245e+00,6.207737084209451976e-04
-8.804804804804804874e+00,6.372557073325492861e-04
-8.780780780780780503e+00,6.541333657123926540e-04
-8.756756756756756133e+00,6.714149693022160260e-04
-8.732732732732731762e+00,6.891089442813706691e-04
-8.708708708708709167e+00,7.072238587872329381e-04
-8.684684684684684797e+00,7.257684244296078949e-04
-8.660660660660660426e+00,7.447514977984076232e-04
-8.636636636636636055e+00,7.641820819637974802e-04
-8.612612612612611684e+00,7.840693279680748754e-04
-8.588588588588589090e+00,8.044225363084433512e-04
-8.564564564564564719e+00,8.252511584098887664e-04
-8.540540540540540349e+00,8.465647980873167817e-04
-8.516516516516515978e+00,8.683732129961028263e-04
-8.492492492492491607e+00,8.906863160702007363e-04
-8.468468468468469013e+00,9.135141769469186336e-04
-8.444444444444444642e+00,9.368670233774520741e-04
-8.420420420420420271e+00,9.607552426222881314e-04
-8.396396396396395900e+00,9.851893828305190517e-04
-8.372372372372371530e+00,1.010180154402136755e-03
-8.348348348348348935e+00,1.035738431332339227e-03
-8.324324324324324564e+00,1.061875252536855245e-03
-8.300300300300300194e+00,1.088601823157310348e-03
-8.276276276276275823e+00,1.115929515845595936e-03
-8.252252252252251452e+00,1.143869872026238594e-03
-8.228228228228228858e+00,1.172434603135707369e-03
-8.204204204204204487e+00,1.201635591837591031e-03
-8.180180180180180116e+00,1.231484893212591268e-03
-8.156156156156155745e+00,1.261994735922206427e-03
-8.132132132132131375e+00,1.293177523345036967e-03
-8.108108108108108780e+00,1.325045834684560357e-03
-8.084084084084084409e+00,1.357612426047238949e-03
-8.060060060060060039e+00,1.390890231489828269e-03
-8.036036036036035668e+00,1.424892364034687246e-03
-8.012012012012011297e+00,1.459632116651948287e-03
-7.987987987987987815e+00,1.495122963207316628e-03
-7.963963963963964332e+00,1.531378559374307630e-03
-7.939939939939939961e+00,1.568412743509700787e-03
-7.915915915915915591e+00,1.606239537490952328e-03
-7.891891891891892108e+00,1.644873147514362309e-03
-7.867867867867867737e+00,1.684327964852693187e-03
-7.843843843843844255e+00,1.724618566570988070e-03
-7.819819819819819884e+00,1.765759716199300595e-03
-7.795795795795795513e+00,1.807766364361033246e-03
-7.771771771771772030e+00,1.850653649355601471e-03
-7.747747747747747660e+00,1.894436897694077269e-03
-7.723723723723724177e+00,1.939131624586505750e-03
-7.699699699699699806e+00,1.984753534379546380e-03
-7.675675675675675436e+00,2.031318520943094924e-03
-7.651651651651651953e+00,2.078842668004551864e-03
-7.627627627627627582e+00,2.127342249429344315e-03
-7.603603603603603212e+00,2.176833729446358331e-03
-7.579579579579579729e+00,2.227333762816854565e-03
-7.555555555555555358e+00,2.278859194945605932e-03
-7.531531531531531876e+00,2.331427061932675199e-03
-7.507507507507507505e+00,2.385054590564638591e-03
-7.483483483483483134e+00,2.439759198243723198e-03
-7.459459459459459651e+00,2.495558492853464788e-03
-7.435435435435435281e+00,2.552470272559609257e-03
-7.411411411411411798e+00,2.610512525544617102e-03
-7.387387387387387427e+00,2.669703429674599986e-03
-7.363363363363363057e+00,2.730061352097109921e-03
-7.339339339339339574e+00,2.791604848768404566e-03
-7.315315315315315203e+00,2.854352663908878065e-03
-7.291291291291291721e+00,2.918323729385035020e-03
-7.267267267267267350e+00,2.983537164016823642e-03
-7.243243243243242979e+00,3.050012272808750799e-03
-7.219219219219219497e+00,3.117768546103420226e-03
-7.195195195195195126e+00,3.186825658656186350e-03
-7.171171171171171643e+00,3.257203468629310886e-03
-7.147147147147147273e+00,3.328922016504462945e-03
-7.123123123123122902e+00,3.402001523912027026e-03
-7.099099099099099419e+00,3.476462392375828051e-03
-7.075075075075075048e+00,3.552325201972085164e-03
-7.051051051051050678e+00,3.629610709900928534e-03
-7.027027027027027195e+00,3.708339848969420972e-03
-7.003003003003002824e+00,3.788533725984559106e-03
-6.978978978978979342e+00,3.870213620054933999e-03
-6.954954954954954971e+00,3.953400980799906712e-03
-6.930930930930930600e+00,4.038117426464663852e-03
-6.906906906906907118e+00,4.124384741940227174e-03
-6.882882882882882747e+00,4.212224876686875528e-03
-6.858858858858859264e+00,4.301659942559813397e-03
-6.834834834834834894e+00,4.392712211535894709e-03
-6.810810810810810523e+00,4.485404113340054483e-03
-6.786786786786787040e+00,4.579758232970370171e-03
-6.762762762762762669e+00,4.675797308120485489e-03
-6.738738738738739187e+00,4.773544226498231853e-03
-6.714714714714714816e+00,4.873022023039402274e-03
-6.690690690690690445e+00,4.974253877015409608e-03
-6.666666666666666963e+00,5.077263109033889818e-03
-6.642642642642642592e+00,5.182073177931087113e-03
-6.618618618618619109e+00,5.288707677554961920e-03
-6.594594594594594739e+00,5.397190333438164726e-03
-6.570570570570570368e+00,5.507544999359655427e-03
-6.546546546546546885e+00,5.619795653794255191e-03
-6.522522522522522515e+00,5.733966396249038852e-03
-6.498498498498498144e+00,5.850081443485747289e-03
-6.474474474474474661e+00,5.968165125628368053e-03
-6.450450450450450290e+00,6.088241882155070658e-03
-6.426426426426426808e+00,6.210336257773661252e-03
-6.402402402402402437e+00,6.334472898179869735e-03
-6.378378378378378066e+00,6.460676545697699100e-03
-6.354354354354354584e+00,6.588972034801241981e-03
-6.330330330330330213e+00,6.719384287517289611e-03
-6.306306306306306730e+00,6.851938308708113018e-03
-6.282282282282282360e+00,6.986659181233936811e-03
-6.258258258258257989e+00,7.123572060994554783e-03
-6.234234234234234506e+00,7.262702171849664060e-03
-6.210210210210210136e+00,7.404074800417484968e-03
-6.186186186186186653e+00,7.547715290751311028e-03
-6.162162162162162282e+00,7.693649038893656845e-03
-6.138138138138137911e+00,7.841901487307748053e-03
-6.114114114114114429e+00,7.992498119186147720e-03
-6.090090090090090058e+00,8.145464452636390004e-03
-6.066066066066065687e+00,8.300826034743375575e-03
-6.042042042042042205e+00,8.458608435508599074e-03
-6.018018018018017834e+00,8.618837241666225946e-03
-5.993993993993994351e+00,8.781538050375880741e-03
-5.969969969969969981e+00,8.946736462792511183e-03
-5.945945945945945610e+00,9.114458077513312370e-03
-5.921921921921922127e+00,9.284728483901941859e-03
-5.897897897897897757e+00,9.457573255290481831e-03
-5.873873873873874274e+00,9.633017942059226429e-03
-5.849849849849849903e+00,9.811088064595007222e-03
-5.825825825825825532e+00,9.991809106128216392e-03
-5.801801801801802050e+00,1.017520650544930655e-02
-5.777777777777777679e+00,1.036130564950526849e-02
-5.753753753753754197e+00,1.055013186587668191e-02
-5.729729729729729826e+00,1.074171041513626544e-02
-5.705705705705705455e+00,1.093606648308948458e-02
-5.681681681681681972e+00,1.113322517289823226e-02
-5.657657657657657602e+00,1.133321149708855016e-02
-5.633633633633634119e+00,1.153605036944320254e-02
-5.609609609609609748e+00,1.174176659678041919e-02
-5.585585585585585378e+00,1.195038487061978599e-02
-5.561561561561561895e+00,1.216192975873646789e-02
-5.537537537537537524e+00,1.237642569660531676e-02
-5.513513513513513153e+00,1.259389697873580620e-02
-5.489489489489489671e+00,1.281436774989969281e-02
-5.465465465465465300e+00,1.303786199625252100e-02
-5.441441441441441818e+00,1.326440353635074086e-02
-5.417417417417417447e+00,1.349401601206617722e-02
-5.393393393393393076e+00,1.372672287939929493e-02
-5.369369369369369593e+00,1.396254739919345483e-02
-5.345345345345345223e+00,1.420151262775171987e-02
-5.321321321321321740e+00,1.444364140735826703e-02
-5.297297297297297369e+00,1.468895635670665160e-02
-5.273273273273272999e+00,1.493747986123664627e-02
-5.249249249249249516e+00,1.518923406338227276e-02
-5.225225225225225145e+00,1.544424085273296901e-02
-5.201201201201201663e+00,1.570252185611034634e-02
-5.177177177177177292e+00,1.596409842756314409e-02
-5.153153153153152921e+00,1.622899163828253263e-02
-5.129129129129129439e+00,1.649722226644073295e-02
-5.105105105105105068e+00,1.676881078695526689e-02
-5.081081081081080697e+00,1.704377736118182010e-02
-5.057057057057057214e+00,1.732214182653842721e-02
-5.033033033033032844e+00,1.760392368606395266e-02
-5.009009009009009361e+00,1.788914209791372598e-02
-4.984984984984984990e+00,1.817781586479543313e-02
-4.960960960960960620e+00,1.846996342334839350e-02
-4.936936936936937137e+00,1.876560283346951144e-02
-4.912912912912912766e+00,1.906475176758903878e-02
-4.888888888888889284e+00,1.936742749989946513e-02
-4.864864864864864913e+00,1.967364689554128299e-02
-4.840840840840840542e+00,1.998342639974864596e-02
-4.816816816816817060e+00,2.029678202695896216e-02
-4.792792792792792689e+00,2.061372934988978459e-02
-4.768768768768769206e+00,2.093428348858672808e-02
-4.744744744744744835e+00,2.125845909944648615e-02
-4.720720720720720465e+00,2.158627036421836148e-02
-4.696696696696696982e+00,2.191773097898865041e-02
-4.672672672672672611e+00,2.225285414315173946e-02
-4.648648648648649129e+00,2.259165254837175105e-02
-4.624624624624624758e+00,2.293413836753944307e-02
-4.600600600600600387e+00,2.328032324372789411e-02
-4.576576576576576905e+00,2.363021827915169973e-02
-4.552552552552552534e+00,2.398383402413396814e-02
-4.528528528528528163e+00,2.434118046608516397e-02
-4.504504504504504681e+00,2.470226701849878581e-02
-4.480480480480480310e+00,2.506710250996794023e-02
-4.456456456456456827e+00,2.543569517322755158e-02
-4.432432432432432456e+00,2.580805263422698836e-02
-4.408408408408408086e+00,2.618418190123737374e-02
-4.384384384384384603e+00,2.656408935399886401e-02
-4.360360360360360232e+00,2.694778073291225970e-02
-4.336336336336336750e+00,2.733526112827981691e-02
-4.312312312312312379e+00,2.772653496960053587e-02
-4.288288288288288008e+00,2.812160601492421502e-02
-4.264264264264264526e+00,2.852047734026992229e-02
-4.240240240240240155e+00,2.892315132911341818e-02
-4.216216216216216672e+00,2.932962966194873136e-02
-4.192192192192192302e+00,2.973991330592913249e-02
-4.168168168168167931e+00,3.015400250459232545e-02
-4.144144144144144448e+00,3.057189676767542441e-02
-4.120120120120120077e+00,3.099359486102454611e-02
-4.096096096096096595e+00,3.141909479660440208e-02
-4.072072072072072224e+00,3.184839382261330648e-02
-4.048048048048047853e+00,3.228148841370841876e-02
-4.024024024024024371e+00,3.271837426134714677e-02
-4.000000000000000000e+00,3.315904626424955731e-02
-3.975975975975975629e+00,3.360349851898725843e-02
-3.951951951951951258e+00,3.405172431070416922e-02
-3.927927927927928664e+00,3.450371610397459654e-02
-3.903903903903904293e+00,3.495946553380389205e-02
-3.879879879879879923e+00,3.541896339677701178e-02
-3.855855855855855552e+00,3.588219964236057796e-02
-3.831831831831831181e+00,3.634916336436368189e-02
-3.807807807807808587e+00,3.681984279256287490e-02
-3.783783783783784216e+00,3.729422528449683610e-02
-3.759759759759759845e+00,3.777229731743571295e-02
-3.735735735735735474e+00,3.825404448053112971e-02
-3.711711711711711104e+00,3.873945146715158244e-02
-3.687687687687688509e+00,3.922850206740917389e-02
-3.663663663663664138e+00,3.972117916088255957e-02
-3.639639639639639768e+00,4.021746470954146169e-02
-3.615615615615615397e+00,4.071733975087837853e-02
-3.591591591591591026e+00,4.122078439125237415e-02
-3.567567567567568432e+00,4.172777779945036764e-02
-3.543543543543544061e+00,4.223829820047116101e-02
-3.519519519519519690e+00,4.275232286953697253e-02
-3.495495495495495319e+00,4.326982812633831110e-02
-3.471471471471470949e+00,4.379078932951647324e-02
-3.447447447447448354e+00,4.431518087138935219e-02
-3.423423423423423984e+00,4.484297617292522242e-02
-3.399399399399399613e+00,4.537414767896923856e-02
-3.375375375375375242e+00,4.590866685372815142e-02
-3.351351351351350871e+00,4.644650417651721014e-02
-3.327327327327328277e+00,4.698762913777494721e-02
-3.303303303303303906e+00,4.753201023534980169e-02
-3.279279279279279535e+00,4.807961497106331278e-02
-3.255255255255255165e+00,4.863040984755498397e-02
-3.231231231231230794e+00,4.918436036541248141e-02
-3.207207207207206423e+00,4.974143102059237764e-02
-3.183183183183183829e+00,5.030158530213503509e-02
-3.159159159159159458e+00,5.086478569017848644e-02
-3.135135135135135087e+00,5.143099365427493408e-02
-3.111111111111110716e+00,5.200016965201430946e-02
-3.087087087087086346e+00,5.257227312795878515e-02
-3.063063063063063751e+00,5.314726251289194486e-02
-3.039039039039039380e+00,5.372509522338662219e-02
-3.015015015015015010e+00,5.430572766169474569e-02
-2.990990990990990639e+00,5.488911521596316623e-02
-2.966966966966966268e+00,5.547521226077870016e-02
-2.942942942942943674e+00,5.606397215804565654e-02
-2.918918918918919303e+00,5.665534725819940109e-02
-2.894894894894894932e+00,5.724928890175851048e-02
-2.870870870870870561e+00,5.784574742121915275e-02
-2.846846846846846191e+00,5.844467214329425453e-02
-2.822822822822823596e+00,5.904601139150006395e-02
-2.798798798798799226e+00,5.964971248909312074e-02
-2.774774774774774855e+00,6.025572176235964583e-02
-2.750750750750750484e+00,6.086398454426007049e-02
-2.726726726726726113e+00,6.147444517843093231e-02
-2.702702702702703519e+00,6.208704702354587296e-02
-2.678678678678679148e+00,6.270173245803818685e-02
-2.654654654654654777e+00,6.331844288518603814e-02
-2.630630630630630407e+00,6.393711873856272598e-02
-2.606606606606606036e+00,6.455769948785314294e-02
-2.582582582582583441e+00,6.518012364503762701e-02
-2.558558558558559071e+00,6.580432877094481714e-02
-2.534534534534534700e+00,6.643025148217403253e-02
-2.510510510510510329e+00,6.705782745838864689e-02
-2.486486486486485958e+00,6.768699144998083228e-02
-2.462462462462463364e+00,6.831767728610811663e-02
-2.438438438438438993e+00,6.894981788310279580e-02
-2.414414414414414622e+00,6.958334525325339526e-02
-2.390390390390390252e+00,7.021819051395941647e-02
-2.366366366366365881e+00,7.085428389725845211e-02
-2.342342342342343287e+00,7.149155475972575335e-02
-2.318318318318318916e+00,7.212993159274590227e-02
-2.294294294294294545e+00,7.276934203315553462e-02
-2.270270270270270174e+00,7.340971287425683556e-02
-2.246246246246245803e+00,7.405097007720080893e-02
-2.222222222222221433e+00,7.469303878273884922e-02
-2.198198198198198838e+00,7.533584332334154754e-02
-2.174174174174174468e+00,7.597930723568359357e-02
-2.150150150150150097e+00,7.662335327349202585e-02
-2.126126126126125726e+00,7.726790342075760820e-02
-2.102102102102101355e+00,7.791287890530589066e-02
-2.078078078078078761e+00,7.855820021272642839e-02
-2.054054054054054390e+00,7.920378710065803518e-02
-2.030030030030030019e+00,7.984955861342654670e-02
-2.006006006006005649e+00,8.049543309703359462e-02
-1.981981981981981278e+00,8.114132821449256128e-02
-1.957957957957958683e+00,8.178716096150892567e-02
-1.933933933933934313e+00,8.243284768250218331e-02
-1.909909909909909942e+00,8.307830408696464941e-02
-1.885885885885885571e+00,8.372344526615507765e-02
-1.861861861861861200e+00,8.436818571012213996e-02
-1.837837837837838606e+00,8.501243932505421486e-02
-1.813813813813814235e+00,8.565611945095144564e-02
-1.789789789789789864e+00,8.629913887961512819e-02
-1.765765765765765494e+00,8.694140987295077838e-02
-1.741741741741741123e+00,8.758284418157941120e-02
-1.717717717717718529e+00,8.822335306375260477e-02
-1.693693693693694158e+00,8.886284730456632530e-02
-1.669669669669669787e+00,8.950123723546762888e-02
-1.645645645645645416e+00,9.013843275404992417e-02
-1.621621621621621046e+00,9.077434334413038430e-02
-1.597597597597598451e+00,9.140887809610420689e-02
-1.573573573573574080e+00,9.204194572756968507e-02
-1.549549549549549710e+00,9.267345460421791414e-02
-1.525525525525525339e+00,9.330331276098129123e-02
-1.501501501501500968e+00,9.393142792343404934e-02
-1.477477477477478374e+00,9.455770752943849777e-02
-1.453453453453454003e+00,9.518205875103040448e-02
-1.429429429429429632e+00,9.580438851653616528e-02
-1.405405405405405261e+00,9.642460353291530673e-02
-1.381381381381380891e+00,9.704261030832118939e-02
-1.357357357357358296e+00,9.765831517487204294e-02
-1.333333333333333925e+00,9.827162431162571321e-02
-1.309309309309309555e+00,9.888244376774973921e-02
-1.285285285285285184e+00,9.949067948587971000e-02
-1.261261261261260813e+00,1.000962373256578386e-01
-1.237237237237238219e+00,1.006990230874436343e-01
-1.213213213213213848e+00,1.012989425361889434e-01
-1.189189189189189477e+00,1.018959014254684631e-01
-1.165165165165165106e+00,1.024898055216583725e-01
-1.141141141141140736e+00,1.030805606282538950e-01
-1.117117117117116365e+00,1.036680726103173106e-01
-1.093093093093093771e+00,1.042522474190479970e-01
-1.069069069069069400e+00,1.048329911164658512e-01
-1.045045045045045029e+00,1.054102099001983234e-01
-1.021021021021020658e+00,1.059838101283633593e-01
-9.969969969969962875e-01,1.065536983445383168e-01
-9.729729729729736931e-01,1.071197813028057083e-01
-9.489489489489493224e-01,1.076819659928672374e-01
-9.249249249249249516e-01,1.082401596652157877e-01
-9.009009009009005808e-01,1.087942698563568733e-01
-8.768768768768762101e-01,1.093442044140694874e-01
-8.528528528528536157e-01,1.098898715226970940e-01
-8.288288288288292449e-01,1.104311797284592694e-01
-8.048048048048048742e-01,1.109680379647736692e-01
-7.807807807807805034e-01,1.115003555775795768e-01
-7.567567567567561326e-01,1.120280423506526124e-01
-7.327327327327335382e-01,1.125510085309008590e-01
-7.087087087087091675e-01,1.130691648536329558e-01
-6.846846846846847967e-01,1.135824225677876109e-01
-6.606606606606604259e-01,1.140906934611153056e-01
-6.366366366366360552e-01,1.145938898853019194e-01
-6.126126126126134608e-01,1.150919247810242296e-01
-5.885885885885890900e-01,1.155847117029277782e-01
-5.645645645645647193e-01,1.160721648445162818e-01
-5.405405405405403485e-01,1.165541990629436475e-01
-5.165165165165159777e-01,1.170307299036979082e-01
-4.924924924924933833e-01,1.175016736251671690e-01
-4.684684684684690126e-01,1.179669472230780863e-01
-4.444444444444446418e-01,1.184264684547961105e-01
-4.204204204204202711e-01,1.188801558634785122e-01
-3.963963963963959003e-01,1.193279288020695078e-01
-3.723723723723733059e-01,1.197697074571281023e-01
-3.483483483483489351e-01,1.202054128724786702e-01
-3.243243243243245644e-01,1.206349669726743401e-01
-3.003003003003001936e-01,1.210582925862637160e-01
-2.762762762762758229e-01,1.214753134688510983e-01
-2.522522522522532284e-01,1.218859543259406125e-01
-2.282282282282288577e-01,1.222901408355547143e-01
-2.042042042042044869e-01,1.226877996706173118e-01
-1.801801801801801162e-01,1.230788585210927238e-01
-1.561561561561557454e-01,1.234632461158702704e-01
-1.321321321321313746e-01,1.238408922443860333e-01
-1.081081081081087802e-01,1.242117277779720003e-01
-8.408408408408440948e-02,1.245756846909241294e-01
-6.006006006006003872e-02,1.249326960812794790e-01
-3.603603603603566796e-02,1.252826961912945902e-01
-1.201201201201129720e-02,1.256256204276155475e-01
1.201201201201129720e-02,1.259614053811312084e-01
3.603603603603566796e-02,1.262899888465016385e-01
6.006006006006003872e-02,1.266113098413524374e-01
8.408408408408440948e-02,1.269253086251272700e-01
1.081081081081087802e-01,1.272319267175904822e-01
1.321321321321313746e-01,1.275311069169713374e-01
1.561561561561557454e-01,1.278227933177424336e-01
1.801801801801801162e-01,1.281069313280242539e-01
2.042042042042044869e-01,1.283834676866086877e-01
2.282282282282288577e-01,1.286523504795933637e-01
2.522522522522514521e-01,1.289135291566204655e-01
2.762762762762758229e-01,1.291669545467121205e-01
3.003003003003001936e-01,1.294125788736957550e-01
3.243243243243245644e-01,1.296503557712126997e-01
3.483483483483489351e-01,1.298802402973034398e-01
3.723723723723715295e-01,1.301021889485627359e-01
3.963963963963959003e-01,1.303161596738589834e-01
4.204204204204202711e-01,1.305221118876110642e-01
4.444444444444446418e-01,1.307200064826175567e-01
4.684684684684690126e-01,1.309098058424319755e-01
4.924924924924916070e-01,1.310914738532789059e-01
5.165165165165159777e-01,1.312649759155057327e-01
5.405405405405403485e-01,1.314302789545647443e-01
5.645645645645647193e-01,1.315873514315208381e-01
5.885885885885890900e-01,1.317361633530801102e-01
6.126126126126116844e-01,1.318766862811350249e-01
6.366366366366360552e-01,1.320088933418214761e-01
6.606606606606604259e-01,1.321327592340843238e-01
6.846846846846847967e-01,1.322482602377469396e-01
7.087087087087091675e-01,1.323553742210817619e-01
7.327327327327317619e-01,1.324540806478779198e-01
7.567567567567561326e-01,1.325443605840033179e-01
7.807807807807805034e-01,1.326261967034576827e-01
8.048048048048048742e-01,1.326995732939143802e-01
8.288288288288292449e-01,1.327644762617480600e-01
8.528528528528536157e-01,1.328208931365463252e-01
8.768768768768762101e-01,1.328688130751030372e-01
9.009009009009005808e-01,1.329082268648915932e-01
9.249249249249249516e-01,1.329391269270167597e-01
9.489489489489493224e-01,1.329615073186435348e-01
9.729729729729736931e-01,1.329753637349019024e-01
9.969969969969962875e-01,1.329806935102670340e-01
1.021021021021020658e+00,1.329774956194138269e-01
1.045045045045045029e+00,1.329657706775455306e-01
1.069069069069069400e+00,1.329455209401966820e-01
1.093093093093093771e+00,1.329167503025098229e-01
1.117117117117116365e+00,1.328794642979868046e-01
1.141141141141140736e+00,1.328336700967150674e-01
1.165165165165165106e+00,1.327793765030696738e-01
1.189189189189189477e+00,1.327165939528921756e-01
1.213213213213213848e+00,1.326453345101475112e-01
1.237237237237236442e+00,1.325656118630604841e-01
1.261261261261260813e+00,1.324774413197336853e-01
1.285285285285285184e+00,1.323808398032484401e-01
1.309309309309309555e+00,1.322758258462514991e-01
1.333333333333333925e+00,1.321624195850293337e-01
1.357357357357356520e+00,1.320406427530732563e-01
1.381381381381380891e+00,1.319105186741377500e-01
1.405405405405405261e+00,1.317720722547954804e-01
1.429429429429429632e+00,1.316253299764919282e-01
1.453453453453454003e+00,1.314703198871038370e-01
1.477477477477476597e+00,1.313070715920043319e-01
1.501501501501500968e+00,1.311356162446395968e-01
1.525525525525525339e+00,1.309559865366206055e-01
1.549549549549549710e+00,1.307682166873349039e-01
1.573573573573574080e+00,1.305723424330825500e-01
1.597597597597596675e+00,1.303684010157413753e-01
1.621621621621621046e+00,1.301564311709663968e-01
1.645645645645645416e+00,1.299364731159288466e-01
1.669669669669669787e+00,1.297085685366000940e-01
1.693693693693694158e+00,1.294727605745859267e-01
1.717717717717716752e+00,1.292290938135174649e-01
1.741741741741741123e+00,1.289776142650042312e-01
1.765765765765765494e+00,1.287183693541559815e-01
1.789789789789789864e+00,1.284514079046791546e-01
1.813813813813814235e+00,1.281767801235553506e-01
1.837837837837838606e+00,1.278945375853074717e-01
1.861861861861861200e+00,1.276047332158613823e-01
1.885885885885885571e+00,1.273074212760096080e-01
1.909909909909909942e+00,1.270026573444845153e-01
1.933933933933934313e+00,1.266904983006482133e-01
1.957957957957958683e+00,1.263710023068070343e-01
1.981981981981981278e+00,1.260442287901579195e-01
2.006006006006005649e+00,1.257102384243745929e-01
2.030030030030030019e+00,1.253690931108419337e-01
2.054054054054054390e+00,1.250208559595460955e-01
2.078078078078078761e+00,1.246655912696290058e-01
2.102102102102101355e+00,1.243033645096155299e-01
2.126126126126125726e+00,1.239342422973215702e-01
2.150150150150150097e+00,1.235582923794523030e-01
2.174174174174174468e+00,1.231755836108986840e-01
2.198198198198198838e+00,1.227861859337412709e-01
2.222222222222221433e+00,1.223901703559706344e-01
2.246246246246245803e+00,1.219876089299327393e-01
2.270270270270270174e+00,1.215785747305093284e-01
2.294294294294294545e+00,1.211631418330416377e-01
2.318318318318318916e+00,1.207413852910074192e-01
2.342342342342341510e+00,1.203133811134604325e-01
2.366366366366365881e+00,1.198792062422417010e-01
2.390390390390390252e+00,1.194389385289725686e-01
2.414414414414414622e+00,1.189926567118387291e-01
2.438438438438438993e+00,1.185404403921749006e-01
2.462462462462461588e+00,1.180823700108602908e-01
2.486486486486485958e+00,1.176185268245340115e-01
2.510510510510510329e+00,1.171489928816410037e-01
2.534534534534534700e+00,1.166738509983175492e-01
2.558558558558559071e+00,1.161931847341267227e-01
2.582582582582581665e+00,1.157070783676538012e-01
2.606606606606606036e+00,1.152156168719709189e-01
2.630630630630630407e+00,1.147188858899820391e-01
2.654654654654654777e+00,1.142169717096568754e-01
2.678678678678679148e+00,1.137099612391648251e-01
2.702702702702701743e+00,1.131979419819184179e-01
2.726726726726726113e+00,1.126810020115360939e-01
2.750750750750750484e+00,1.121592299467348702e-01
2.774774774774774855e+00,1.116327149261622381e-01
2.798798798798799226e+00,1.111015465831775018e-01
2.822822822822821820e+00,1.105658150205925394e-01
2.846846846846846191e+00,1.100256107853816029e-01
2.870870870870870561e+00,1.094810248433705363e-01
2.894894894894894932e+00,1.089321485539144624e-01
2.918918918918919303e+00,1.083790736445744141e-01
2.942942942942943674e+00,1.078218921858022650e-01
2.966966966966966268e+00,1.072606965656437150e-01
2.990990990990990639e+00,1.066955794644688649e-01
3.015015015015015010e+00,1.061266338297402329e-01
3.039039039039039380e+00,1.055539528508273595e-01
3.063063063063063751e+00,1.049776299338774643e-01
3.087087087087086346e+00,1.043977586767518007e-01
3.111111111111110716e+00,1.038144328440364500e-01
3.135135135135135087e+00,1.032277463421374247e-01
3.159159159159159458e+00,1.026377931944684324e-01
3.183183183183183829e+00,1.020446675167409750e-01
3.207207207207206423e+00,1.014484634923650125e-01
3.231231231231230794e+00,1.008492753479695442e-01
3.255255255255255165e+00,1.002471973290518098e-01
3.279279279279279535e+00,9.964232367576307536e-02
3.303303303303303906e+00,9.903474859884028869e-02
3.327327327327326500e+00,9.842456625569136197e-02
3.351351351351350871e+00,9.781187072664254689e-02
3.375375375375375242e+00,9.719675599135635391e-02
3.399399399399399613e+00,9.657931590542720435e-02
3.423423423423423984e+00,9.595964417716362771e-02
3.447447447447446578e+00,9.533783434456398476e-02
3.471471471471470949e+00,9.471397975249352952e-02
3.495495495495495319e+00,9.408817353007088713e-02
3.519519519519519690e+00,9.346050856827010922e-02
3.543543543543544061e+00,9.283107749774643924e-02
3.567567567567566655e+00,9.219997266689242132e-02
3.591591591591591026e+00,9.156728612013113888e-02
3.615615615615615397e+00,9.093310957645384107e-02
3.639639639639639768e+00,9.029753440820764698e-02
3.663663663663664138e+00,8.966065162014066892e-02
3.687687687687686733e+00,8.902255182871016137e-02
3.711711711711711104e+00,8.838332524165982973e-02
3.735735735735735474e+00,8.774306163787293222e-02
3.759759759759759845e+00,8.710185034750594912e-02
3.783783783783784216e+00,8.645978023240902255e-02
3.807807807807806810e+00,8.581693966683857921e-02
3.831831831831831181e+00,8.517341651846685457e-02
3.855855855855855552e+00,8.452929812969460499e-02
3.879879879879879923e+00,8.388467129927022758e-02
3.903903903903904293e+00,8.323962226422165767e-02
3.927927927927928664e+00,8.259423668210451319e-02
3.951951951951951258e+00,8.194859961357131573e-02
3.975975975975975629e+00,8.130279550526600674e-02
4.000000000000000000e+00,8.065690817304779769e-02
4.024024024024022594e+00,8.001102078554798991e-02
4.048048048048048742e+00,7.936521584806346952e-02
4.072072072072071336e+00,7.871957518679112420e-02
4.096096096096097483e+00,7.807417993340470819e-02
4.120120120120120077e+00,7.742911050997998423e-02
4.144144144144142672e+00,7.678444661426803153e-02
4.168168168168168819e+00,7.614026720532199310e-02
4.192192192192191413e+00,7.549665048947895585e-02
4.216216216216217560e+00,7.485367390669832310e-02
4.240240240240240155e+00,7.421141411726130122e-02
4.264264264264262749e+00,7.356994698883091710e-02
4.288288288288288896e+00,7.292934758387627225e-02
4.312312312312311491e+00,7.228969014746260136e-02
4.336336336336337638e+00,7.165104809540683017e-02
4.360360360360360232e+00,7.101349400280311530e-02
4.384384384384382827e+00,7.037709959291604811e-02
4.408408408408408974e+00,6.974193572644546424e-02
4.432432432432431568e+00,6.910807239116213696e-02
4.456456456456457715e+00,6.847557869191456259e-02
4.480480480480480310e+00,6.784452284100943309e-02
4.504504504504502904e+00,6.721497214896321459e-02
4.528528528528529051e+00,6.658699301562748252e-02
4.552552552552551646e+00,6.596065092168691690e-02
4.576576576576577793e+00,6.533601042052880614e-02
4.600600600600600387e+00,6.471313513048623789e-02
4.624624624624622982e+00,6.409208772745128568e-02
4.648648648648649129e+00,6.347292993786021742e-02
4.672672672672671723e+00,6.285572253204861626e-02
4.696696696696697870e+00,6.224052531797464455e-02
4.720720720720720465e+00,6.162739713531178998e-02
4.744744744744743059e+00,6.101639584990645182e-02
4.768768768768769206e+00,6.040757834860187303e-02
4.792792792792791801e+00,5.980100053442537200e-02
4.816816816816817948e+00,5.919671732213641763e-02
4.840840840840840542e+00,5.859478263413601257e-02
4.864864864864863137e+00,5.799524939673236790e-02
4.888888888888889284e+00,5.739816953676313976e-02
4.912912912912911878e+00,5.680359397857089043e-02
4.936936936936938025e+00,5.621157264132849163e-02
4.960960960960960620e+00,5.562215443671413018e-02
4.984984984984983214e+00,5.503538726693045502e-02
5.009009009009009361e+00,5.445131802306724111e-02
5.033033033033031955e+00,5.386999258380382322e-02
5.057057057057058103e+00,5.329145581444717783e-02
5.081081081081080697e+00,5.271575156630482761e-02
5.105105105105103291e+00,5.214292267638647588e-02
5.129129129129129439e+00,5.157301096743314300e-02
5.153153153153152033e+00,5.100605724826948878e-02
5.177177177177178180e+00,5.044210131447463691e-02
5.201201201201200774e+00,4.988118194937014166e-02
5.225225225225223369e+00,4.932333692531849778e-02
5.249249249249249516e+00,4.876860300533037568e-02
5.273273273273272110e+00,4.821701594497584259e-02
5.297297297297298257e+00,4.766861049459437255e-02
5.321321321321320852e+00,4.712342040180184100e-02
5.345345345345343446e+00,4.658147841428741248e-02
5.369369369369369593e+00,4.604281628289803863e-02
5.393393393393392188e+00,4.550746476500550780e-02
5.417417417417418335e+00,4.497545362815041220e-02
5.441441441441440929e+00,4.444681165396073552e-02
5.465465465465467076e+00,4.392156664233761582e-02
5.489489489489489671e+00,4.339974541590622958e-02
5.513513513513512265e+00,4.288137382472460846e-02
5.537537537537538412e+00,4.236647675124731449e-02
5.561561561561561007e+00,4.185507811553847157e-02
5.585585585585587154e+00,4.134720088072826177e-02
5.609609609609609748e+00,4.084286705870984052e-02
5.633633633633632343e+00,4.034209771606929451e-02
5.657657657657658490e+00,3.984491298024547823e-02
5.681681681681681084e+00,3.935133204591376860e-02
5.705705705705707231e+00,3.886137318158790904e-02
5.729729729729729826e+00,3.837505373643631396e-02
5.753753753753752420e+00,3.789239014730576977e-02
5.777777777777778567e+00,3.741339794594869539e-02
5.801801801801801162e+00,3.693809176644822362e-02
5.825825825825827309e+00,3.646648535283491394e-02
5.849849849849849903e+00,3.599859156689146078e-02
5.873873873873872498e+00,3.553442239613824327e-02
5.897897897897898645e+00,3.507398896199553917e-02
5.921921921921921239e+00,3.461730152811703237e-02
5.945945945945947386e+00,3.416436950888790403e-02
5.969969969969969981e+00,3.371520147808410722e-02
5.993993993993992575e+00,3.326980517768555329e-02
6.018018018018018722e+00,3.282818752683901858e-02
6.042042042042041317e+00,3.239035463096530398e-02
6.066066066066067464e+00,3.195631179100411751e-02
6.090090090090090058e+00,3.152606351279322455e-02
6.114114114114112652e+00,3.109961351657444806e-02
6.138138138138138800e+00,3.067696474662277156e-02
6.162162162162161394e+00,3.025811938099270959e-02
6.186186186186187541e+00,2.984307884137580788e-02
6.210210210210210136e+00,2.943184380306566525e-02
6.234234234234232730e+00,2.902441420502342023e-02
6.258258258258258877e+00,2.862078926003977855e-02
6.282282282282281471e+00,2.822096746498806152e-02
6.306306306306307619e+00,2.782494661116226287e-02
6.330330330330330213e+00,2.743272379469649871e-02
6.354354354354352807e+00,2.704429542705918607e-02
6.378378378378378954e+00,2.665965724561793898e-02
6.402402402402401549e+00,2.627880432427005114e-02
6.426426426426427696e+00,2.590173108413264952e-02
6.450450450450450290e+00,2.552843130428908425e-02
6.474474474474472885e+00,2.515889813258510160e-02
6.498498498498499032e+00,2.479312409647112941e-02
6.522522522522521626e+00,2.443110111388558520e-02
6.546546546546547773e+00,2.407282050417361430e-02
6.570570570570570368e+00,2.371827299903815980e-02
6.594594594594592962e+00,2.336744875351701514e-02
6.618618618618619109e+00,2.302033735698253217e-02
6.642642642642641704e+00,2.267692784415912752e-02
6.666666666666667851e+00,2.233720870615338999e-02
6.690690690690690445e+00,2.200116790149377749e-02
6.714714714714713040e+00,2.166879286717401584e-02
6.738738738738739187e+00,2.134007052969713950e-02
6.762762762762761781e+00,2.101498731611553192e-02
6.786786786786787928e+00,2.069352916506222995e-02
6.810810810810810523e+00,2.037568153777066099e-02
6.834834834834833117e+00,2.006142942907739035e-02
6.858858858858859264e+00,1.975075737840499557e-02
6.882882882882881859e+00,1.944364948072089747e-02
6.906906906906908006e+00,1.914008939746770360e-02
6.930930930930930600e+00,1.884006036746256607e-02
6.954954954954953195e+00,1.854354521776045359e-02
6.978978978978979342e+00,1.825052637447899251e-02
7.003003003003001936e+00,1.796098587358075163e-02
7.027027027027028083e+00,1.767490537160919598e-02
7.051051051051050678e+00,1.739226615637599199e-02
7.075075075075073272e+00,1.711304915759502207e-02
7.099099099099099419e+00,1.683723495746113422e-02
7.123123123123122014e+00,1.656480380116974807e-02
7.147147147147148161e+00,1.629573560737412885e-02
7.171171171171170755e+00,1.603000997857829610e-02
7.195195195195193349e+00,1.576760621146121311e-02
7.219219219219219497e+00,1.550850330713085014e-02
7.243243243243242091e+00,1.525267998130445252e-02
7.267267267267268238e+00,1.500011467441239761e-02
7.291291291291290833e+00,1.475078556162375681e-02
7.315315315315313427e+00,1.450467056278988490e-02
7.339339339339339574e+00,1.426174735230472876e-02
7.363363363363362168e+00,1.402199336887884583e-02
7.387387387387388316e+00,1.378538582522464452e-02
7.411411411411410910e+00,1.355190171765158734e-02
7.435435435435433504e+00,1.332151783556790973e-02
7.459459459459459651e+00,1.309421077088801337e-02
7.483483483483482246e+00,1.286995692734283804e-02
7.507507507507508393e+00,1.264873252969124506e-02
7.531531531531530987e+00,1.243051363283136264e-02
7.555555555555557135e+00,1.221527613080897016e-02
7.579579579579579729e+00,1.200299576572247222e-02
7.603603603603602323e+00,1.179364813652180287e-02
7.627627627627628470e+00,1.158720870770040511e-02
7.651651651651651065e+00,1.138365281787877097e-02
7.675675675675677212e+00,1.118295568827756131e-02
7.699699699699699806e+00,1.098509243108001035e-02
7.723723723723722401e+00,1.079003805768137189e-02
7.747747747747748548e+00,1.059776748682486093e-02
7.771771771771771142e+00,1.040825555262301673e-02
7.795795795795797289e+00,1.022147701246287066e-02
7.819819819819819884e+00,1.003740655479482512e-02
7.843843843843842478e+00,9.856018806803572979e-03
7.867867867867868625e+00,9.677288341960734938e-03
7.891891891891891220e+00,9.501189687458421948e-03
7.915915915915917367e+00,9.327697331522626437e-03
7.939939939939939961e+00,9.156785730606555040e-03
7.963963963963962556e+00,8.988429316462542840e-03
7.987987987987988703e+00,8.822602503092682666e-03
8.012012012012011297e+00,8.659279693577591822e-03
8.036036036036037444e+00,8.498435286782570278e-03
8.060060060060060039e+00,8.340043683941552807e-03
8.084084084084082633e+00,8.184079295117911365e-03
8.108108108108108780e+00,8.030516545542381798e-03
8.132132132132131375e+00,7.879329881827958765e-03
8.156156156156157522e+00,7.730493778061264462e-03
8.180180180180180116e+00,7.583982741771116282e-03
8.204204204204202711e+00,7.439771319773576079e-03
8.228228228228228858e+00,7.297834103894071736e-03
8.252252252252251452e+00,7.158145736566727188e-03
8.276276276276277599e+00,7.020680916310657188e-03
8.300300300300300194e+00,6.885414403084176571e-03
8.324324324324322788e+00,6.752321023516538040e-03
8.348348348348348935e+00,6.621375676018012926e-03
8.372372372372371530e+00,6.492553335768665342e-03
8.396396396396397677e+00,6.365829059585859616e-03
8.420420420420420271e+00,6.241177990671687575e-03
8.444444444444442865e+00,6.118575363240132646e-03
8.468468468468469013e+00,5.997996507025035902e-03
8.492492492492491607e+00,5.879416851669398356e-03
8.516516516516517754e+00,5.762811930996365566e-03
8.540540540540540349e+00,5.648157387163140961e-03
8.564564564564562943e+00,5.535428974697989210e-03
8.588588588588589090e+00,5.424602564421530070e-03
8.612612612612611684e+00,5.315654147253020927e-03
8.636636636636637832e+00,5.208559837902227395e-03
8.660660660660660426e+00,5.103295878448258459e-03
8.684684684684683020e+00,4.999838641805716584e-03
8.708708708708709167e+00,4.898164635079547968e-03
8.732732732732731762e+00,4.798250502809408256e-03
8.756756756756757909e+00,4.700073030104385055e-03
8.780780780780780503e+00,4.603609145669496257e-03
8.804804804804803098e+00,4.508835924724570454e-03
8.828828828828829245e+00,4.415730591816946667e-03
8.852852852852851839e+00,4.324270523529007322e-03
8.876876876876877986e+00,4.234433251081476911e-03
8.900900900900900581e+00,4.146196462834056233e-03
8.924924924924923175e+00,4.059538006684094806e-03
8.948948948948949322e+00,3.974435892364880894e-03
8.972972972972971917e+00,3.890868293644638137e-03
8.996996996996998064e+00,3.808813550427301697e-03
9.021021021021020658e+00,3.728250170756691132e-03
9.045045045045043253e+00,3.649156832724962090e-03
9.069069069069069400e+00,3.571512386286893742e-03
9.093093093093091994e+00,3.495295854981268768e-03
9.117117117117118141e+00,3.420486437560478227e-03
9.141141141141140736e+00,3.347063509530008845e-03
9.165165165165163330e+00,3.275006624598801944e-03
9.189189189189189477e+00,3.204295516042093405e-03
9.213213213213212072e+00,3.134910097978029202e-03
9.237237237237238219e+00,3.066830466559285553e-03
9.261261261261260813e+00,3.000036901081347754e-03
9.285285285285283408e+00,2.934509865008540566e-03
9.309309309309309555e+00,2.870230006919402641e-03
9.333333333333332149e+00,2.807178161372788413e-03
9.357357357357358296e+00,2.745335349695908738e-03
9.381381381381380891e+00,2.684682780696041535e-03
9.405405405405403485e+00,2.625201851296981009e-03
9.429429429429429632e+00,2.566874147101887334e-03
9.453453453453452227e+00,2.509681442883875992e-03
9.477477477477478374e+00,2.453605703005643044e-03
9.501501501501500968e+00,2.398629081769788202e-03
9.525525525525523562e+00,2.344733923700972802e-03
9.549549549549549710e+00,2.291902763761532926e-03
9.573573573573572304e+00,2.240118327501903345e-03
9.597597597597598451e+00,2.189363531147142921e-03
9.621621621621621046e+00,2.139621481621195153e-03
9.645645645645647193e+00,2.090875476510025734e-03
9.669669669669669787e+00,2.043109003965269503e-03
9.693693693693692381e+00,1.996305742549582887e-03
9.717717717717718529e+00,1.950449561025221221e-03
9.741741741741741123e+00,1.905524518087182116e-03
9.765765765765767270e+00,1.861514862042210712e-03
9.789789789789789864e+00,1.818405030435184689e-03
9.813813813813812459e+00,1.776179649624046956e-03
9.837837837837838606e+00,1.734823534304815807e-03
9.861861861861861200e+00,1.694321686987902264e-03
9.885885885885887348e+00,1.654659297427053420e-03
9.909909909909909942e+00,1.615821742002342305e-03
9.933933933933932536e+00,1.577794583058375654e-03
9.957957957957958683e+00,1.540563568199149842e-03
9.981981981981981278e+00,1.504114629540768229e-03
1.000600600600600742e+01,1.468433882923274097e-03
1.003003003003003002e+01,1.433507627082954887e-03
1.005405405405405261e+01,1.399322342786252660e-03
1.007807807807807876e+01,1.365864691926625858e-03
1.010210210210210136e+01,1.333121516585533293e-03
1.012612612612612750e+01,1.301079838058725189e-03
1.015015015015015010e+01,1.269726855849129732e-03
1.017417417417417269e+01,1.239049946627409152e-03
1.019819819819819884e+01,1.209036663161452974e-03
1.022222222222222143e+01,1.179674733215924738e-03
1.024624624624624758e+01,1.150952058422965692e-03
1.027027027027027017e+01,1.122856713125269757e-03
1.029429429429429277e+01,1.095376943192540899e-03
1.031831831831831892e+01,1.068501164812522266e-03
1.034234234234234151e+01,1.042217963257634911e-03
1.036636636636636766e+01,1.016516091628249336e-03
1.039039039039039025e+01,9.913844695737458745e-04
1.041441441441441285e+01,9.668121819922761203e-04
1.043843843843843899e+01,9.427884777103457412e-04
1.046246246246246159e+01,9.193027681431741645e-04
1.048648648648648773e+01,8.963446259367794950e-04
1.051051051051051033e+01,8.739037835928563846e-04
1.053453453453453292e+01,8.519701320772841849e-04
1.055855855855855907e+01,8.305337194132993844e-04
1.058258258258258167e+01,8.095847492602026210e-04
1.060660660660660781e+01,7.891135794784840014e-04
1.063063063063063041e+01,7.691107206823229962e-04
1.065465465465465300e+01,7.495668347802430988e-04
1.067867867867867915e+01,7.304727335048559434e-04
1.070270270270270174e+01,7.118193769324873211e-04
1.072672672672672789e+01,6.935978719934893580e-04
1.075075075075075048e+01,6.757994709740968928e-04
1.077477477477477308e+01,6.584155700105524074e-04
1.079879879879879923e+01,6.414377075763097371e-04
1.082282282282282182e+01,6.248575629630689953e-04
1.084684684684684797e+01,6.086669547563326992e-04
1.087087087087087056e+01,5.928578393062717460e-04
1.089489489489489316e+01,5.774223091945363635e-04
1.091891891891891930e+01,5.623525916977523305e-04
1.094294294294294190e+01,5.476410472483488664e-04
1.096696696696696804e+01,5.332801678933506064e-04
1.099099099099099064e+01,5.192625757518292860e-04
1.101501501501501323e+01,5.055810214715675353e-04
1.103903903903903938e+01,4.922283826855963643e-04
1.106306306306306197e+01,4.791976624691767373e-04
1.108708708708708812e+01,4.664819877977731920e-04
1.111111111111111072e+01,4.540746080066354389e-04
1.113513513513513331e+01,4.419688932524640148e-04
1.115915915915915946e+01,4.301583329777468128e-04
1.118318318318318205e+01,4.186365343782490157e-04
1.120720720720720820e+01,4.073972208741436169e-04
1.123123123123123079e+01,3.964342305853014829e-04
1.125525525525525339e+01,3.857415148111692179e-04
1.127927927927927954e+01,3.753131365157163233e-04
1.130330330330330213e+01,3.651432688178876652e-04
1.132732732732732828e+01,3.552261934879569292e-04
1.135135135135135087e+01,3.455562994502400591e-04
1.137537537537537347e+01,3.361280812925143235e-04
1.139939939939939961e+01,3.269361377825681257e-04
1.142342342342342221e+01,3.179751703922298030e-04
1.144744744744744835e+01,3.092399818292248539e-04
1.147147147147147095e+01,3.007254745772287028e-04
1.149549549549549354e+01,2.924266494444154908e-04
1.151951951951951969e+01,2.843386041208465832e-04
1.154354354354354228e+01,2.764565317449890346e-04
1.156756756756756843e+01,2.687757194796486704e-04
1.159159159159159103e+01,2.612915470976214134e-04
1.161561561561561717e+01,2.539994855772992137e-04
1.163963963963963977e+01,2.468950957085217423e-04
1.166366366366366236e+01,2.399740267088798756e-04
1.168768768768768851e+01,2.332320148507372500e-04
1.171171171171171110e+01,2.266648820991734462e-04
1.173573573573573725e+01,2.202685347610543393e-04
1.175975975975975985e+01,2.140389621454535593e-04
1.178378378378378244e+01,2.079722352355808316e-04
1.180780780780780859e+01,2.020645053724259366e-04
1.183183183183183118e+01,1.963120029502698300e-04
1.185585585585585733e+01,1.907110361242188073e-04
1.187987987987987992e+01,1.852579895299282713e-04
1.190390390390390252e+01,1.799493230156308120e-04
1.192792792792792866e+01,1.747815703866193305e-04
1.195195195195195126e+01,1.697513381622934908e-04
1.197597597597597741e+01,1.648553043458796542e-04
1.200000000000000000e+01,1.600902172069402531e-04
