# x, f(x), root1, root2
-1.700000000000000000e+01,3.800000000000000000e+02,3.000000000000000000e+00,2.000000000000000000e+00
-1.691478696741854648e+01,3.766839529902450181e+02,3.000000000000000000e+00,2.000000000000000000e+00
-1.682957393483709296e+01,3.733824285023335392e+02,3.000000000000000000e+00,2.000000000000000000e+00
-1.674436090225563945e+01,3.700954265362655065e+02,3.000000000000000000e+00,2.000000000000000000e+00
-1.665914786967418593e+01,3.668229470920409199e+02,3.000000000000000000e+00,2.000000000000000000e+00
-1.657393483709273241e+01,3.635649901696597794e+02,3.000000000000000000e+00,2.000000000000000000e+00
-1.648872180451127889e+01,3.603215557691220283e+02,3.000000000000000000e+00,2.000000000000000000e+00
-1.640350877192982537e+01,3.570926438904278939e+02,3.000000000000000000e+00,2.000000000000000000e+00
-1.631829573934837185e+01,3.538782545335770919e+02,3.000000000000000000e+00,2.000000000000000000e+00
-1.623308270676691834e+01,3.506783876985697361e+02,3.000000000000000000e+00,2.000000000000000000e+00
-1.614786967418546482e+01,3.474930433854059402e+02,3.000000000000000000e+00,2.000000000000000000e+00
-1.606265664160401130e+01,3.443222215940854767e+02,3.000000000000000000e+00,2.000000000000000000e+00
-1.597744360902255600e+01,3.411659223246084593e+02,3.000000000000000000e+00,2.000000000000000000e+00
-1.589223057644110249e+01,3.380241455769750019e+02,3.000000000000000000e+00,2.000000000000000000e+00
-1.580701754385964897e+01,3.348968913511849905e+02,3.000000000000000000e+00,2.000000000000000000e+00
-1.572180451127819545e+01,3.317841596472384254e+02,3.000000000000000000e+00,2.000000000000000000e+00
-1.563659147869674193e+01,3.286859504651352495e+02,3.000000000000000000e+00,2.000000000000000000e+00
-1.555137844611528841e+01,3.256022638048755766e+02,3.000000000000000000e+00,2.000000000000000000e+00
-1.546616541353383489e+01,3.225330996664594068e+02,3.000000000000000000e+00,2.000000000000000000e+00
-1.538095238095238138e+01,3.194784580498866262e+02,3.000000000000000000e+00,2.000000000000000000e+00
-1.529573934837092786e+01,3.164383389551572918e+02,3.000000000000000000e+00,2.000000000000000000e+00
-1.521052631578947434e+01,3.134127423822715173e+02,3.000000000000000000e+00,2.000000000000000000e+00
-1.512531328320802082e+01,3.104016683312290752e+02,3.000000000000000000e+00,2.000000000000000000e+00
-1.504010025062656553e+01,3.074051168020300793e+02,3.000000000000000000e+00,2.000000000000000000e+00
-1.495488721804511201e+01,3.044230877946746432e+02,3.000000000000000000e+00,2.000000000000000000e+00
-1.486967418546365849e+01,3.014555813091625964e+02,3.000000000000000000e+00,2.000000000000000000e+00
-1.478446115288220497e+01,2.985025973454940527e+02,3.000000000000000000e+00,2.000000000000000000e+00
-1.469924812030075145e+01,2.955641359036688982e+02,3.000000000000000000e+00,2.000000000000000000e+00
-1.461403508771929793e+01,2.926401969836872468e+02,3.000000000000000000e+00,2.000000000000000000e+00
-1.452882205513784442e+01,2.897307805855490983e+02,3.000000000000000000e+00,2.000000000000000000e+00
-1.444360902255639090e+01,2.868358867092543392e+02,3.000000000000000000e+00,2.000000000000000000e+00
-1.435839598997493738e+01,2.839555153548030262e+02,3.000000000000000000e+00,2.000000000000000000e+00
-1.427318295739348386e+01,2.810896665221952162e+02,3.000000000000000000e+00,2.000000000000000000e+00
-1.418796992481203034e+01,2.782383402114307955e+02,3.000000000000000000e+00,2.000000000000000000e+00
-1.410275689223057682e+01,2.754015364225099347e+02,3.000000000000000000e+00,2.000000000000000000e+00
-1.401754385964912331e+01,2.725792551554324632e+02,3.000000000000000000e+00,2.000000000000000000e+00
-1.393233082706766979e+01,2.697714964101984378e+02,3.000000000000000000e+00,2.000000000000000000e+00
-1.384711779448621627e+01,2.669782601868079155e+02,3.000000000000000000e+00,2.000000000000000000e+00
-1.376190476190476275e+01,2.641995464852607824e+02,3.000000000000000000e+00,2.000000000000000000e+00
-1.367669172932330923e+01,2.614353553055571524e+02,3.000000000000000000e+00,2.000000000000000000e+00
-1.359147869674185571e+01,2.586856866476969685e+02,3.000000000000000000e+00,2.000000000000000000e+00
-1.350626566416040220e+01,2.559505405116802308e+02,3.000000000000000000e+00,2.000000000000000000e+00
-1.342105263157894868e+01,2.532299168975069676e+02,3.000000000000000000e+00,2.000000000000000000e+00
-1.333583959899749338e+01,2.505238158051770938e+02,3.000000000000000000e+00,2.000000000000000000e+00
-1.325062656641603986e+01,2.478322372346907514e+02,3.000000000000000000e+00,2.000000000000000000e+00
-1.316541353383458635e+01,2.451551811860477983e+02,3.000000000000000000e+00,2.000000000000000000e+00
-1.308020050125313283e+01,2.424926476592484050e+02,3.000000000000000000e+00,2.000000000000000000e+00
-1.299498746867167931e+01,2.398446366542923727e+02,3.000000000000000000e+00,2.000000000000000000e+00
-1.290977443609022579e+01,2.372111481711798433e+02,3.000000000000000000e+00,2.000000000000000000e+00
-1.282456140350877227e+01,2.345921822099107601e+02,3.000000000000000000e+00,2.000000000000000000e+00
-1.273934837092731875e+01,2.319877387704851230e+02,3.000000000000000000e+00,2.000000000000000000e+00
-1.265413533834586524e+01,2.293978178529029606e+02,3.000000000000000000e+00,2.000000000000000000e+00
-1.256892230576441172e+01,2.268224194571642442e+02,3.000000000000000000e+00,2.000000000000000000e+00
-1.248370927318295642e+01,2.242615435832689172e+02,3.000000000000000000e+00,2.000000000000000000e+00
-1.239849624060150290e+01,2.217151902312171217e+02,3.000000000000000000e+00,2.000000000000000000e+00
-1.231328320802004939e+01,2.191833594010087722e+02,3.000000000000000000e+00,2.000000000000000000e+00
-1.222807017543859587e+01,2.166660510926438690e+02,3.000000000000000000e+00,2.000000000000000000e+00
-1.214285714285714235e+01,2.141632653061224119e+02,3.000000000000000000e+00,2.000000000000000000e+00
-1.205764411027568883e+01,2.116750020414444293e+02,3.000000000000000000e+00,2.000000000000000000e+00
-1.197243107769423531e+01,2.092012612986099498e+02,3.000000000000000000e+00,2.000000000000000000e+00
-1.188721804511278179e+01,2.067420430776188596e+02,3.000000000000000000e+00,2.000000000000000000e+00
-1.180200501253132828e+01,2.042973473784712439e+02,3.000000000000000000e+00,2.000000000000000000e+00
-1.171679197994987476e+01,2.018671742011670744e+02,3.000000000000000000e+00,2.000000000000000000e+00
-1.163157894736842124e+01,1.994515235457063795e+02,3.000000000000000000e+00,2.000000000000000000e+00
-1.154636591478696772e+01,1.970503954120891308e+02,3.000000000000000000e+00,2.000000000000000000e+00
-1.146115288220551420e+01,1.946637898003153282e+02,3.000000000000000000e+00,2.000000000000000000e+00
-1.137593984962406068e+01,1.922917067103849718e+02,3.000000000000000000e+00,2.000000000000000000e+00
-1.129072681704260717e+01,1.899341461422981183e+02,3.000000000000000000e+00,2.000000000000000000e+00
-1.120551378446115365e+01,1.875911080960546826e+02,3.000000000000000000e+00,2.000000000000000000e+00
-1.112030075187970013e+01,1.852625925716547215e+02,3.000000000000000000e+00,2.000000000000000000e+00
-1.103508771929824661e+01,1.829485995690982065e+02,3.000000000000000000e+00,2.000000000000000000e+00
-1.094987468671679309e+01,1.806491290883851661e+02,3.000000000000000000e+00,2.000000000000000000e+00
-1.086466165413533957e+01,1.783641811295155435e+02,3.000000000000000000e+00,2.000000000000000000e+00
-1.077944862155388606e+01,1.760937556924893954e+02,3.000000000000000000e+00,2.000000000000000000e+00
-1.069423558897243254e+01,1.738378527773066935e+02,3.000000000000000000e+00,2.000000000000000000e+00
-1.060902255639097902e+01,1.715964723839674662e+02,3.000000000000000000e+00,2.000000000000000000e+00
-1.052380952380952372e+01,1.693696145124716566e+02,3.000000000000000000e+00,2.000000000000000000e+00
-1.043859649122807021e+01,1.671572791628193215e+02,3.000000000000000000e+00,2.000000000000000000e+00
-1.035338345864661669e+01,1.649594663350104611e+02,3.000000000000000000e+00,2.000000000000000000e+00
-1.026817042606516317e+01,1.627761760290450468e+02,3.000000000000000000e+00,2.000000000000000000e+00
-1.018295739348370965e+01,1.606074082449230787e+02,3.000000000000000000e+00,2.000000000000000000e+00
-1.009774436090225613e+01,1.584531629826445851e+02,3.000000000000000000e+00,2.000000000000000000e+00
-1.001253132832080261e+01,1.563134402422095377e+02,3.000000000000000000e+00,2.000000000000000000e+00
-9.927318295739349097e+00,1.541882400236179649e+02,3.000000000000000000e+00,2.000000000000000000e+00
-9.842105263157895578e+00,1.520775623268698382e+02,3.000000000000000000e+00,2.000000000000000000e+00
-9.756892230576440284e+00,1.499814071519651009e+02,3.000000000000000000e+00,2.000000000000000000e+00
-9.671679197994986765e+00,1.478997744989038665e+02,3.000000000000000000e+00,2.000000000000000000e+00
-9.586466165413533247e+00,1.458326643676861067e+02,3.000000000000000000e+00,2.000000000000000000e+00
-9.501253132832079729e+00,1.437800767583117931e+02,3.000000000000000000e+00,2.000000000000000000e+00
-9.416040100250626210e+00,1.417420116707809541e+02,3.000000000000000000e+00,2.000000000000000000e+00
-9.330827067669172692e+00,1.397184691050935612e+02,3.000000000000000000e+00,2.000000000000000000e+00
-9.245614035087719174e+00,1.377094490612496145e+02,3.000000000000000000e+00,2.000000000000000000e+00
-9.160401002506265655e+00,1.357149515392491139e+02,3.000000000000000000e+00,2.000000000000000000e+00
-9.075187969924812137e+00,1.337349765390920879e+02,3.000000000000000000e+00,2.000000000000000000e+00
-8.989974937343358619e+00,1.317695240607785081e+02,3.000000000000000000e+00,2.000000000000000000e+00
-8.904761904761905100e+00,1.298185941043084028e+02,3.000000000000000000e+00,2.000000000000000000e+00
-8.819548872180451582e+00,1.278821866696817295e+02,3.000000000000000000e+00,2.000000000000000000e+00
-8.734335839598998064e+00,1.259603017568985308e+02,3.000000000000000000e+00,2.000000000000000000e+00
-8.649122807017544545e+00,1.240529393659587782e+02,3.000000000000000000e+00,2.000000000000000000e+00
-8.563909774436091027e+00,1.221600994968624718e+02,3.000000000000000000e+00,2.000000000000000000e+00
-8.478696741854637509e+00,1.202817821496096258e+02,3.000000000000000000e+00,2.000000000000000000e+00
-8.393483709273183990e+00,1.184179873242002543e+02,3.000000000000000000e+00,2.000000000000000000e+00
-8.308270676691730472e+00,1.165687150206343148e+02,3.000000000000000000e+00,2.000000000000000000e+00
-8.223057644110276954e+00,1.147339652389118498e+02,3.000000000000000000e+00,2.000000000000000000e+00
-8.137844611528823435e+00,1.129137379790328168e+02,3.000000000000000000e+00,2.000000000000000000e+00
-8.052631578947368141e+00,1.111080332409972300e+02,3.000000000000000000e+00,2.000000000000000000e+00
-7.967418546365914622e+00,1.093168510248051177e+02,3.000000000000000000e+00,2.000000000000000000e+00
-7.882205513784461104e+00,1.075401913304564658e+02,3.000000000000000000e+00,2.000000000000000000e+00
-7.796992481203007586e+00,1.057780541579512601e+02,3.000000000000000000e+00,2.000000000000000000e+00
-7.711779448621554067e+00,1.040304395072895431e+02,3.000000000000000000e+00,2.000000000000000000e+00
-7.626566416040100549e+00,1.022973473784712439e+02,3.000000000000000000e+00,2.000000000000000000e+00
-7.541353383458647031e+00,1.005787777714964193e+02,3.000000000000000000e+00,2.000000000000000000e+00
-7.456140350877193512e+00,9.887473068636504081e+01,3.000000000000000000e+00,2.000000000000000000e+00
-7.370927318295739994e+00,9.718520612307713691e+01,3.000000000000000000e+00,2.000000000000000000e+00
-7.285714285714286476e+00,9.551020408163266495e+01,3.000000000000000000e+00,2.000000000000000000e+00
-7.200501253132832957e+00,9.384972456203166757e+01,3.000000000000000000e+00,2.000000000000000000e+00
-7.115288220551379439e+00,9.220376756427410214e+01,3.000000000000000000e+00,2.000000000000000000e+00
-7.030075187969925921e+00,9.057233308836001129e+01,3.000000000000000000e+00,2.000000000000000000e+00
-6.944862155388472402e+00,8.895542113428938080e+01,3.000000000000000000e+00,2.000000000000000000e+00
-6.859649122807018884e+00,8.735303170206219647e+01,3.000000000000000000e+00,2.000000000000000000e+00
-6.774436090225563589e+00,8.576516479167844409e+01,3.000000000000000000e+00,2.000000000000000000e+00
-6.689223057644110071e+00,8.419182040313816628e+01,3.000000000000000000e+00,2.000000000000000000e+00
-6.604010025062656553e+00,8.263299853644134885e+01,3.000000000000000000e+00,2.000000000000000000e+00
-6.518796992481203034e+00,8.108869919158799178e+01,3.000000000000000000e+00,2.000000000000000000e+00
-6.433583959899749516e+00,7.955892236857809507e+01,3.000000000000000000e+00,2.000000000000000000e+00
-6.348370927318295998e+00,7.804366806741164453e+01,3.000000000000000000e+00,2.000000000000000000e+00
-6.263157894736842479e+00,7.654293628808864014e+01,3.000000000000000000e+00,2.000000000000000000e+00
-6.177944862155388961e+00,7.505672703060911033e+01,3.000000000000000000e+00,2.000000000000000000e+00
-6.092731829573935443e+00,7.358504029497302668e+01,3.000000000000000000e+00,2.000000000000000000e+00
-6.007518796992481924e+00,7.212787608118040339e+01,3.000000000000000000e+00,2.000000000000000000e+00
-5.922305764411028406e+00,7.068523438923124047e+01,3.000000000000000000e+00,2.000000000000000000e+00
-5.837092731829574888e+00,6.925711521912552371e+01,3.000000000000000000e+00,2.000000000000000000e+00
-5.751879699248121369e+00,6.784351857086326731e+01,3.000000000000000000e+00,2.000000000000000000e+00
-5.666666666666667851e+00,6.644444444444445708e+01,3.000000000000000000e+00,2.000000000000000000e+00
-5.581453634085214333e+00,6.505989283986912142e+01,3.000000000000000000e+00,2.000000000000000000e+00
-5.496240601503760814e+00,6.368986375713722481e+01,3.000000000000000000e+00,2.000000000000000000e+00
-5.411027568922307296e+00,6.233435719624878857e+01,3.000000000000000000e+00,2.000000000000000000e+00
-5.325814536340852001e+00,6.099337315720378427e+01,3.000000000000000000e+00,2.000000000000000000e+00
-5.240601503759398483e+00,5.966691164000226166e+01,3.000000000000000000e+00,2.000000000000000000e+00
-5.155388471177944965e+00,5.835497264464419231e+01,3.000000000000000000e+00,2.000000000000000000e+00
-5.070175438596491446e+00,5.705755617112958333e+01,3.000000000000000000e+00,2.000000000000000000e+00
-4.984962406015037928e+00,5.577466221945842051e+01,3.000000000000000000e+00,2.000000000000000000e+00
-4.899749373433584410e+00,5.450629078963072516e+01,3.000000000000000000e+00,2.000000000000000000e+00
-4.814536340852130891e+00,5.325244188164647596e+01,3.000000000000000000e+00,2.000000000000000000e+00
-4.729323308270677373e+00,5.201311549550569424e+01,3.000000000000000000e+00,2.000000000000000000e+00
-4.644110275689223855e+00,5.078831163120835868e+01,3.000000000000000000e+00,2.000000000000000000e+00
-4.558897243107770336e+00,4.957803028875448348e+01,3.000000000000000000e+00,2.000000000000000000e+00
-4.473684210526316818e+00,4.838227146814405444e+01,3.000000000000000000e+00,2.000000000000000000e+00
-4.388471177944863300e+00,4.720103516937709287e+01,3.000000000000000000e+00,2.000000000000000000e+00
-4.303258145363409781e+00,4.603432139245357746e+01,3.000000000000000000e+00,2.000000000000000000e+00
-4.218045112781956263e+00,4.488213013737352952e+01,3.000000000000000000e+00,2.000000000000000000e+00
-4.132832080200502745e+00,4.374446140413692774e+01,3.000000000000000000e+00,2.000000000000000000e+00
-4.047619047619047450e+00,4.262131519274376501e+01,3.000000000000000000e+00,2.000000000000000000e+00
-3.962406015037593932e+00,4.151269150319407686e+01,3.000000000000000000e+00,2.000000000000000000e+00
-3.877192982456140413e+00,4.041859033548784197e+01,3.000000000000000000e+00,2.000000000000000000e+00
-3.791979949874686895e+00,3.933901168962506745e+01,3.000000000000000000e+00,2.000000000000000000e+00
-3.706766917293233377e+00,3.827395556560574619e+01,3.000000000000000000e+00,2.000000000000000000e+00
-3.621553884711779858e+00,3.722342196342988530e+01,3.000000000000000000e+00,2.000000000000000000e+00
-3.536340852130326340e+00,3.618741088309747056e+01,3.000000000000000000e+00,2.000000000000000000e+00
-3.451127819548872822e+00,3.516592232460852330e+01,3.000000000000000000e+00,2.000000000000000000e+00
-3.365914786967419303e+00,3.415895628796302219e+01,3.000000000000000000e+00,2.000000000000000000e+00
-3.280701754385965785e+00,3.316651277316098145e+01,3.000000000000000000e+00,2.000000000000000000e+00
-3.195488721804512267e+00,3.218859178020240108e+01,3.000000000000000000e+00,2.000000000000000000e+00
-3.110275689223058748e+00,3.122519330908726687e+01,3.000000000000000000e+00,2.000000000000000000e+00
-3.025062656641605230e+00,3.027631735981559302e+01,3.000000000000000000e+00,2.000000000000000000e+00
-2.939849624060151712e+00,2.934196393238737244e+01,3.000000000000000000e+00,2.000000000000000000e+00
-2.854636591478698193e+00,2.842213302680261222e+01,3.000000000000000000e+00,2.000000000000000000e+00
-2.769423558897244675e+00,2.751682464306130527e+01,3.000000000000000000e+00,2.000000000000000000e+00
-2.684210526315791157e+00,2.662603878116345157e+01,3.000000000000000000e+00,2.000000000000000000e+00
-2.598997493734335862e+00,2.574977544110903693e+01,3.000000000000000000e+00,2.000000000000000000e+00
-2.513784461152882344e+00,2.488803462289809687e+01,3.000000000000000000e+00,2.000000000000000000e+00
-2.428571428571428825e+00,2.404081632653061362e+01,3.000000000000000000e+00,2.000000000000000000e+00
-2.343358395989975307e+00,2.320812055200658719e+01,3.000000000000000000e+00,2.000000000000000000e+00
-2.258145363408521789e+00,2.238994729932601402e+01,3.000000000000000000e+00,2.000000000000000000e+00
-2.172932330827068270e+00,2.158629656848889766e+01,3.000000000000000000e+00,2.000000000000000000e+00
-2.087719298245614752e+00,2.079716835949523457e+01,3.000000000000000000e+00,2.000000000000000000e+00
-2.002506265664161234e+00,2.002256267234503184e+01,3.000000000000000000e+00,2.000000000000000000e+00
-1.917293233082707715e+00,1.926247950703827883e+01,3.000000000000000000e+00,2.000000000000000000e+00
-1.832080200501254197e+00,1.851691886357498618e+01,3.000000000000000000e+00,2.000000000000000000e+00
-1.746867167919800679e+00,1.778588074195514679e+01,3.000000000000000000e+00,2.000000000000000000e+00
-1.661654135338347160e+00,1.706936514217876777e+01,3.000000000000000000e+00,2.000000000000000000e+00
-1.576441102756893642e+00,1.636737206424583846e+01,3.000000000000000000e+00,2.000000000000000000e+00
-1.491228070175440124e+00,1.567990150815636774e+01,3.000000000000000000e+00,2.000000000000000000e+00
-1.406015037593986605e+00,1.500695347391035206e+01,3.000000000000000000e+00,2.000000000000000000e+00
-1.320802005012531311e+00,1.434852796150777898e+01,3.000000000000000000e+00,2.000000000000000000e+00
-1.235588972431077792e+00,1.370462497094867516e+01,3.000000000000000000e+00,2.000000000000000000e+00
-1.150375939849624274e+00,1.307524450223302814e+01,3.000000000000000000e+00,2.000000000000000000e+00
-1.065162907268170756e+00,1.246038655536083439e+01,3.000000000000000000e+00,2.000000000000000000e+00
-9.799498746867172372e-01,1.186005113033209923e+01,3.000000000000000000e+00,2.000000000000000000e+00
-8.947368421052637188e-01,1.127423822714681734e+01,3.000000000000000000e+00,2.000000000000000000e+00
-8.095238095238102005e-01,1.070294784580499226e+01,3.000000000000000000e+00,2.000000000000000000e+00
-7.243107769423566822e-01,1.014617998630662399e+01,3.000000000000000000e+00,2.000000000000000000e+00
-6.390977443609031639e-01,9.603934648651710759e+00,3.000000000000000000e+00,2.000000000000000000e+00
-5.538847117794496455e-01,9.076211832840252569e+00,3.000000000000000000e+00,2.000000000000000000e+00
-4.686716791979961272e-01,8.563011538872249417e+00,3.000000000000000000e+00,2.000000000000000000e+00
-3.834586466165426089e-01,8.064333766747703081e+00,3.000000000000000000e+00,2.000000000000000000e+00
-2.982456140350890905e-01,7.580178516466612670e+00,3.000000000000000000e+00,2.000000000000000000e+00
-2.130325814536355722e-01,7.110545788028977299e+00,3.000000000000000000e+00,2.000000000000000000e+00
-1.278195488721820539e-01,6.655435581434798742e+00,3.000000000000000000e+00,2.000000000000000000e+00
-4.260651629072853552e-02,6.214847896684075224e+00,3.000000000000000000e+00,2.000000000000000000e+00
4.260651629072498281e-02,5.788782733776806744e+00,3.000000000000000000e+00,2.000000000000000000e+00
1.278195488721785011e-01,5.377240092712995079e+00,3.000000000000000000e+00,2.000000000000000000e+00
2.130325814536320195e-01,4.980219973492638452e+00,3.000000000000000000e+00,2.000000000000000000e+00
2.982456140350855378e-01,4.597722376115737752e+00,3.000000000000000000e+00,2.000000000000000000e+00
3.834586466165390561e-01,4.229747300582292979e+00,3.000000000000000000e+00,2.000000000000000000e+00
4.686716791979925745e-01,3.876294746892303245e+00,3.000000000000000000e+00,2.000000000000000000e+00
5.538847117794460928e-01,3.537364715045769437e+00,3.000000000000000000e+00,2.000000000000000000e+00
6.390977443608996111e-01,3.212957205042691555e+00,3.000000000000000000e+00,2.000000000000000000e+00
7.243107769423531295e-01,2.903072216883069601e+00,3.000000000000000000e+00,2.000000000000000000e+00
8.095238095238102005e-01,2.607709750566891138e+00,3.000000000000000000e+00,2.000000000000000000e+00
8.947368421052637188e-01,2.326869806094181037e+00,3.000000000000000000e+00,2.000000000000000000e+00
9.799498746867172372e-01,2.060552383464926862e+00,3.000000000000000000e+00,2.000000000000000000e+00
1.065162907268170756e+00,1.808757482679127726e+00,3.000000000000000000e+00,2.000000000000000000e+00
1.150375939849624274e+00,1.571485103736785405e+00,3.000000000000000000e+00,2.000000000000000000e+00
1.235588972431077792e+00,1.348735246637897234e+00,3.000000000000000000e+00,2.000000000000000000e+00
1.320802005012531311e+00,1.140507911382465878e+00,3.000000000000000000e+00,2.000000000000000000e+00
1.406015037593984829e+00,9.468030979704904482e-01,3.000000000000000000e+00,2.000000000000000000e+00
1.491228070175438347e+00,7.676208064019700572e-01,3.000000000000000000e+00,2.000000000000000000e+00
1.576441102756891866e+00,6.029610366769055929e-01,3.000000000000000000e+00,2.000000000000000000e+00
1.661654135338345384e+00,4.528237887952979435e-01,3.000000000000000000e+00,2.000000000000000000e+00
1.746867167919798902e+00,3.172090627571444443e-01,3.000000000000000000e+00,2.000000000000000000e+00
1.832080200501252421e+00,1.961168585624477601e-01,3.000000000000000000e+00,2.000000000000000000e+00
1.917293233082705939e+00,8.954717621120522608e-02,3.000000000000000000e+00,2.000000000000000000e+00
2.002506265664159457e+00,-2.499984296580493037e-03,3.000000000000000000e+00,2.000000000000000000e+00
2.087719298245612976e+00,-8.002462296091028549e-02,3.000000000000000000e+00,2.000000000000000000e+00
2.172932330827066494e+00,-1.430267397817841513e-01,3.000000000000000000e+00,2.000000000000000000e+00
2.258145363408520012e+00,-1.915063347592029785e-01,3.000000000000000000e+00,2.000000000000000000e+00
2.343358395989973531e+00,-2.254634078931658792e-01,3.000000000000000000e+00,2.000000000000000000e+00
2.428571428571427049e+00,-2.448979591836728531e-01,3.000000000000000000e+00,2.000000000000000000e+00
2.513784461152880567e+00,-2.498099886307247885e-01,3.000000000000000000e+00,2.000000000000000000e+00
2.598997493734334086e+00,-2.401994962343207973e-01,3.000000000000000000e+00,2.000000000000000000e+00
2.684210526315787604e+00,-2.160664819944608794e-01,3.000000000000000000e+00,2.000000000000000000e+00
2.769423558897241122e+00,-1.774109459111450349e-01,3.000000000000000000e+00,2.000000000000000000e+00
2.854636591478694641e+00,-1.242328879843732636e-01,3.000000000000000000e+00,2.000000000000000000e+00
2.939849624060148159e+00,-5.653230821414645391e-02,3.000000000000000000e+00,2.000000000000000000e+00
3.025062656641601677e+00,2.569079339953717067e-02,3.000000000000000000e+00,2.000000000000000000e+00
3.110275689223055195e+00,1.224364168566758337e-01,3.000000000000000000e+00,2.000000000000000000e+00
3.195488721804508714e+00,2.337045621572695353e-01,3.000000000000000000e+00,2.000000000000000000e+00
3.280701754385962232e+00,3.594952293013200517e-01,3.000000000000000000e+00,2.000000000000000000e+00
3.365914786967415750e+00,4.998084182888256066e-01,3.000000000000000000e+00,2.000000000000000000e+00
3.451127819548872822e+00,6.546441291197933054e-01,3.000000000000000000e+00,2.000000000000000000e+00
3.536340852130326340e+00,8.240023617942107137e-01,3.000000000000000000e+00,2.000000000000000000e+00
3.621553884711779858e+00,1.007883116312084937e+00,3.000000000000000000e+00,2.000000000000000000e+00
3.706766917293233377e+00,1.206286392673414198e+00,3.000000000000000000e+00,2.000000000000000000e+00
3.791979949874686895e+00,1.419212190878198498e+00,3.000000000000000000e+00,2.000000000000000000e+00
3.877192982456140413e+00,1.646660510926439613e+00,3.000000000000000000e+00,2.000000000000000000e+00
3.962406015037593932e+00,1.888631352818135767e+00,3.000000000000000000e+00,2.000000000000000000e+00
4.047619047619047450e+00,2.145124716553286959e+00,3.000000000000000000e+00,2.000000000000000000e+00
4.132832080200500968e+00,2.416140602131896742e+00,3.000000000000000000e+00,2.000000000000000000e+00
4.218045112781954487e+00,2.701679009553959787e+00,3.000000000000000000e+00,2.000000000000000000e+00
4.303258145363408005e+00,3.001739938819479647e+00,3.000000000000000000e+00,2.000000000000000000e+00
4.388471177944861523e+00,3.316323389928452769e+00,3.000000000000000000e+00,2.000000000000000000e+00
4.473684210526315042e+00,3.645429362880882707e+00,3.000000000000000000e+00,2.000000000000000000e+00
4.558897243107768560e+00,3.989057857676769459e+00,3.000000000000000000e+00,2.000000000000000000e+00
4.644110275689222078e+00,4.347208874316113025e+00,3.000000000000000000e+00,2.000000000000000000e+00
4.729323308270675597e+00,4.719882412798909854e+00,3.000000000000000000e+00,2.000000000000000000e+00
4.814536340852129115e+00,5.107078473125163498e+00,3.000000000000000000e+00,2.000000000000000000e+00
4.899749373433582633e+00,5.508797055294873957e+00,3.000000000000000000e+00,2.000000000000000000e+00
4.984962406015036152e+00,5.925038159308037677e+00,3.000000000000000000e+00,2.000000000000000000e+00
5.070175438596489670e+00,6.355801785164658213e+00,3.000000000000000000e+00,2.000000000000000000e+00
5.155388471177943188e+00,6.801087932864735563e+00,3.000000000000000000e+00,2.000000000000000000e+00
5.240601503759396707e+00,7.260896602408266176e+00,3.000000000000000000e+00,2.000000000000000000e+00
5.325814536340850225e+00,7.735227793795253604e+00,3.000000000000000000e+00,2.000000000000000000e+00
5.411027568922303743e+00,8.224081507025697846e+00,3.000000000000000000e+00,2.000000000000000000e+00
5.496240601503757262e+00,8.727457742099595350e+00,3.000000000000000000e+00,2.000000000000000000e+00
5.581453634085210780e+00,9.245356499016953222e+00,3.000000000000000000e+00,2.000000000000000000e+00
5.666666666666664298e+00,9.777777777777764356e+00,3.000000000000000000e+00,2.000000000000000000e+00
5.751879699248117817e+00,1.032472157838202875e+01,3.000000000000000000e+00,2.000000000000000000e+00
5.837092731829571335e+00,1.088618790082975352e+01,3.000000000000000000e+00,2.000000000000000000e+00
5.922305764411024853e+00,1.146217674512093154e+01,3.000000000000000000e+00,2.000000000000000000e+00
6.007518796992478372e+00,1.205268811125556283e+01,3.000000000000000000e+00,2.000000000000000000e+00
6.092731829573931890e+00,1.265772199923365449e+01,3.000000000000000000e+00,2.000000000000000000e+00
6.177944862155385408e+00,1.327727840905519940e+01,3.000000000000000000e+00,2.000000000000000000e+00
6.263157894736842479e+00,1.391135734072022245e+01,3.000000000000000000e+00,2.000000000000000000e+00
6.348370927318295998e+00,1.455995879422868100e+01,3.000000000000000000e+00,2.000000000000000000e+00
6.433583959899749516e+00,1.522308276958059281e+01,3.000000000000000000e+00,2.000000000000000000e+00
6.518796992481203034e+00,1.590072926677596854e+01,3.000000000000000000e+00,2.000000000000000000e+00
6.604010025062656553e+00,1.659289828581478332e+01,3.000000000000000000e+00,2.000000000000000000e+00
6.689223057644110071e+00,1.729958982669706558e+01,3.000000000000000000e+00,2.000000000000000000e+00
6.774436090225563589e+00,1.802080388942280109e+01,3.000000000000000000e+00,2.000000000000000000e+00
6.859649122807017108e+00,1.875654047399199698e+01,3.000000000000000000e+00,2.000000000000000000e+00
6.944862155388470626e+00,1.950679958040463902e+01,3.000000000000000000e+00,2.000000000000000000e+00
7.030075187969924144e+00,2.027158120866074142e+01,3.000000000000000000e+00,2.000000000000000000e+00
7.115288220551377663e+00,2.105088535876030420e+01,3.000000000000000000e+00,2.000000000000000000e+00
7.200501253132831181e+00,2.184471203070332024e+01,3.000000000000000000e+00,2.000000000000000000e+00
7.285714285714284699e+00,2.265306122448978954e+01,3.000000000000000000e+00,2.000000000000000000e+00
7.370927318295738218e+00,2.347593294011970499e+01,3.000000000000000000e+00,2.000000000000000000e+00
7.456140350877191736e+00,2.431332717759309503e+01,3.000000000000000000e+00,2.000000000000000000e+00
7.541353383458645254e+00,2.516524393690993122e+01,3.000000000000000000e+00,2.000000000000000000e+00
7.626566416040098773e+00,2.603168321807022068e+01,3.000000000000000000e+00,2.000000000000000000e+00
7.711779448621552291e+00,2.691264502107397050e+01,3.000000000000000000e+00,2.000000000000000000e+00
7.796992481203005809e+00,2.780812934592117358e+01,3.000000000000000000e+00,2.000000000000000000e+00
7.882205513784459328e+00,2.871813619261183703e+01,3.000000000000000000e+00,2.000000000000000000e+00
7.967418546365912846e+00,2.964266556114595375e+01,3.000000000000000000e+00,2.000000000000000000e+00
8.052631578947366364e+00,3.058171745152351662e+01,3.000000000000000000e+00,2.000000000000000000e+00
8.137844611528819883e+00,3.153529186374454696e+01,3.000000000000000000e+00,2.000000000000000000e+00
8.223057644110273401e+00,3.250338879780903767e+01,3.000000000000000000e+00,2.000000000000000000e+00
8.308270676691726919e+00,3.348600825371696743e+01,3.000000000000000000e+00,2.000000000000000000e+00
8.393483709273180438e+00,3.448315023146835756e+01,3.000000000000000000e+00,2.000000000000000000e+00
8.478696741854633956e+00,3.549481473106321516e+01,3.000000000000000000e+00,2.000000000000000000e+00
8.563909774436087474e+00,3.652100175250151892e+01,3.000000000000000000e+00,2.000000000000000000e+00
8.649122807017540993e+00,3.756171129578327594e+01,3.000000000000000000e+00,2.000000000000000000e+00
8.734335839598994511e+00,3.861694336090849333e+01,3.000000000000000000e+00,2.000000000000000000e+00
8.819548872180448029e+00,3.968669794787717819e+01,3.000000000000000000e+00,2.000000000000000000e+00
8.904761904761905100e+00,4.077097505668934474e+01,3.000000000000000000e+00,2.000000000000000000e+00
8.989974937343358619e+00,4.186977468734492902e+01,3.000000000000000000e+00,2.000000000000000000e+00
9.075187969924812137e+00,4.298309683984396656e+01,3.000000000000000000e+00,2.000000000000000000e+00
9.160401002506265655e+00,4.411094151418647868e+01,3.000000000000000000e+00,2.000000000000000000e+00
9.245614035087719174e+00,4.525330871037241565e+01,3.000000000000000000e+00,2.000000000000000000e+00
9.330827067669172692e+00,4.641019842840182719e+01,3.000000000000000000e+00,2.000000000000000000e+00
9.416040100250626210e+00,4.758161066827469199e+01,3.000000000000000000e+00,2.000000000000000000e+00
9.501253132832079729e+00,4.876754542999101716e+01,3.000000000000000000e+00,2.000000000000000000e+00
9.586466165413533247e+00,4.996800271355078138e+01,3.000000000000000000e+00,2.000000000000000000e+00
9.671679197994986765e+00,5.118298251895400597e+01,3.000000000000000000e+00,2.000000000000000000e+00
9.756892230576440284e+00,5.241248484620069803e+01,3.000000000000000000e+00,2.000000000000000000e+00
9.842105263157893802e+00,5.365650969529085046e+01,3.000000000000000000e+00,2.000000000000000000e+00
9.927318295739347320e+00,5.491505706622444194e+01,3.000000000000000000e+00,2.000000000000000000e+00
1.001253132832080084e+01,5.618812695900149379e+01,3.000000000000000000e+00,2.000000000000000000e+00
1.009774436090225436e+01,5.747571937362199890e+01,3.000000000000000000e+00,2.000000000000000000e+00
1.018295739348370788e+01,5.877783431008597859e+01,3.000000000000000000e+00,2.000000000000000000e+00
1.026817042606516139e+01,6.009447176839339733e+01,3.000000000000000000e+00,2.000000000000000000e+00
1.035338345864661491e+01,6.142563174854426222e+01,3.000000000000000000e+00,2.000000000000000000e+00
1.043859649122806843e+01,6.277131425053859459e+01,3.000000000000000000e+00,2.000000000000000000e+00
1.052380952380952195e+01,6.413151927437638733e+01,3.000000000000000000e+00,2.000000000000000000e+00
1.060902255639097547e+01,6.550624682005764043e+01,3.000000000000000000e+00,2.000000000000000000e+00
1.069423558897242899e+01,6.689549688758232548e+01,3.000000000000000000e+00,2.000000000000000000e+00
1.077944862155388250e+01,6.829926947695048511e+01,3.000000000000000000e+00,2.000000000000000000e+00
1.086466165413533602e+01,6.971756458816210511e+01,3.000000000000000000e+00,2.000000000000000000e+00
1.094987468671678954e+01,7.115038222121717126e+01,3.000000000000000000e+00,2.000000000000000000e+00
1.103508771929824306e+01,7.259772237611568357e+01,3.000000000000000000e+00,2.000000000000000000e+00
1.112030075187969658e+01,7.405958505285765625e+01,3.000000000000000000e+00,2.000000000000000000e+00
1.120551378446115010e+01,7.553597025144310351e+01,3.000000000000000000e+00,2.000000000000000000e+00
1.129072681704260361e+01,7.702687797187198271e+01,3.000000000000000000e+00,2.000000000000000000e+00
1.137593984962405713e+01,7.853230821414433649e+01,3.000000000000000000e+00,2.000000000000000000e+00
1.146115288220551065e+01,8.005226097826013643e+01,3.000000000000000000e+00,2.000000000000000000e+00
1.154636591478696417e+01,8.158673626421938252e+01,3.000000000000000000e+00,2.000000000000000000e+00
1.163157894736841769e+01,8.313573407202210319e+01,3.000000000000000000e+00,2.000000000000000000e+00
1.171679197994987476e+01,8.469925440166832686e+01,3.000000000000000000e+00,2.000000000000000000e+00
1.180200501253132828e+01,8.627729725315796827e+01,3.000000000000000000e+00,2.000000000000000000e+00
1.188721804511278179e+01,8.786986262649105583e+01,3.000000000000000000e+00,2.000000000000000000e+00
1.197243107769423531e+01,8.947695052166757534e+01,3.000000000000000000e+00,2.000000000000000000e+00
1.205764411027568883e+01,9.109856093868755522e+01,3.000000000000000000e+00,2.000000000000000000e+00
1.214285714285714235e+01,9.273469387755100968e+01,3.000000000000000000e+00,2.000000000000000000e+00
1.222807017543859587e+01,9.438534933825789608e+01,3.000000000000000000e+00,2.000000000000000000e+00
1.231328320802004939e+01,9.605052732080827127e+01,3.000000000000000000e+00,2.000000000000000000e+00
1.239849624060150290e+01,9.773022782520209262e+01,3.000000000000000000e+00,2.000000000000000000e+00
1.248370927318295642e+01,9.942445085143936012e+01,3.000000000000000000e+00,2.000000000000000000e+00
1.256892230576440994e+01,1.011331963995201022e+02,3.000000000000000000e+00,2.000000000000000000e+00
1.265413533834586346e+01,1.028564644694442478e+02,3.000000000000000000e+00,2.000000000000000000e+00
1.273934837092731698e+01,1.045942550612119106e+02,3.000000000000000000e+00,2.000000000000000000e+00
1.282456140350877050e+01,1.063465681748229912e+02,3.000000000000000000e+00,2.000000000000000000e+00
1.290977443609022401e+01,1.081134038102775321e+02,3.000000000000000000e+00,2.000000000000000000e+00
1.299498746867167753e+01,1.098947619675755334e+02,3.000000000000000000e+00,2.000000000000000000e+00
1.308020050125313105e+01,1.116906426467170093e+02,3.000000000000000000e+00,2.000000000000000000e+00
1.316541353383458457e+01,1.135010458477019313e+02,3.000000000000000000e+00,2.000000000000000000e+00
1.325062656641603809e+01,1.153259715705302995e+02,3.000000000000000000e+00,2.000000000000000000e+00
1.333583959899749161e+01,1.171654198152021280e+02,3.000000000000000000e+00,2.000000000000000000e+00
1.342105263157894512e+01,1.190193905817173885e+02,3.000000000000000000e+00,2.000000000000000000e+00
1.350626566416039864e+01,1.208878838700761520e+02,3.000000000000000000e+00,2.000000000000000000e+00
1.359147869674185216e+01,1.227708996802783190e+02,3.000000000000000000e+00,2.000000000000000000e+00
1.367669172932330568e+01,1.246684380123239748e+02,3.000000000000000000e+00,2.000000000000000000e+00
1.376190476190475920e+01,1.265804988662130768e+02,3.000000000000000000e+00,2.000000000000000000e+00
1.384711779448621272e+01,1.285070822419456533e+02,3.000000000000000000e+00,2.000000000000000000e+00
1.393233082706766623e+01,1.304481881395216760e+02,3.000000000000000000e+00,2.000000000000000000e+00
1.401754385964911975e+01,1.324038165589411165e+02,3.000000000000000000e+00,2.000000000000000000e+00
1.410275689223057327e+01,1.343739675002040599e+02,3.000000000000000000e+00,2.000000000000000000e+00
1.418796992481202679e+01,1.363586409633104495e+02,3.000000000000000000e+00,2.000000000000000000e+00
1.427318295739348031e+01,1.383578369482602852e+02,3.000000000000000000e+00,2.000000000000000000e+00
1.435839598997493738e+01,1.403715554550536808e+02,3.000000000000000000e+00,2.000000000000000000e+00
1.444360902255639090e+01,1.423997964836904089e+02,3.000000000000000000e+00,2.000000000000000000e+00
1.452882205513784442e+01,1.444425600341706399e+02,3.000000000000000000e+00,2.000000000000000000e+00
1.461403508771929793e+01,1.464998461064942887e+02,3.000000000000000000e+00,2.000000000000000000e+00
1.469924812030075145e+01,1.485716547006614121e+02,3.000000000000000000e+00,2.000000000000000000e+00
1.478446115288220497e+01,1.506579858166720101e+02,3.000000000000000000e+00,2.000000000000000000e+00
1.486967418546365849e+01,1.527588394545260257e+02,3.000000000000000000e+00,2.000000000000000000e+00
1.495488721804511201e+01,1.548742156142234876e+02,3.000000000000000000e+00,2.000000000000000000e+00
1.504010025062656553e+01,1.570041142957644524e+02,3.000000000000000000e+00,2.000000000000000000e+00
1.512531328320801549e+01,1.591485354991487498e+02,3.000000000000000000e+00,2.000000000000000000e+00
1.521052631578947256e+01,1.613074792243766922e+02,3.000000000000000000e+00,2.000000000000000000e+00
1.529573934837092253e+01,1.634809454714479386e+02,3.000000000000000000e+00,2.000000000000000000e+00
1.538095238095237960e+01,1.656689342403627734e+02,3.000000000000000000e+00,2.000000000000000000e+00
1.546616541353382956e+01,1.678714455311209122e+02,3.000000000000000000e+00,2.000000000000000000e+00
1.555137844611528664e+01,1.700884793437226676e+02,3.000000000000000000e+00,2.000000000000000000e+00
1.563659147869673660e+01,1.723200356781676987e+02,3.000000000000000000e+00,2.000000000000000000e+00
1.572180451127819367e+01,1.745661145344564034e+02,3.000000000000000000e+00,2.000000000000000000e+00
1.580701754385965074e+01,1.768267159125885257e+02,3.000000000000000000e+00,2.000000000000000000e+00
1.589223057644110071e+01,1.791018398125639237e+02,3.000000000000000000e+00,2.000000000000000000e+00
1.597744360902255778e+01,1.813914862343829668e+02,3.000000000000000000e+00,2.000000000000000000e+00
1.606265664160400775e+01,1.836956551780452855e+02,3.000000000000000000e+00,2.000000000000000000e+00
1.614786967418546482e+01,1.860143466435512494e+02,3.000000000000000000e+00,2.000000000000000000e+00
1.623308270676691478e+01,1.883475606309004888e+02,3.000000000000000000e+00,2.000000000000000000e+00
1.631829573934837185e+01,1.906952971400933450e+02,3.000000000000000000e+00,2.000000000000000000e+00
1.640350877192982182e+01,1.930575561711295336e+02,3.000000000000000000e+00,2.000000000000000000e+00
1.648872180451127889e+01,1.954343377240092821e+02,3.000000000000000000e+00,2.000000000000000000e+00
1.657393483709272886e+01,1.978256417987323346e+02,3.000000000000000000e+00,2.000000000000000000e+00
1.665914786967418593e+01,2.002314683952990322e+02,3.000000000000000000e+00,2.000000000000000000e+00
1.674436090225563589e+01,2.026518175137090054e+02,3.000000000000000000e+00,2.000000000000000000e+00
1.682957393483709296e+01,2.050866891539625954e+02,3.000000000000000000e+00,2.000000000000000000e+00
1.691478696741854293e+01,2.075360833160594609e+02,3.000000000000000000e+00,2.000000000000000000e+00
1.700000000000000000e+01,2.100000000000000000e+02,3.000000000000000000e+00,2.000000000000000000e+00
