# x, f(x), root1, root2
-1.700000000000000000e+01,2.580000000000000000e+02,-1.000000000000000000e+00,1.414213562373095145e+00
-1.691478696741854648e+01,2.552804442183151821e+02,-1.000000000000000000e+00,1.414213562373095145e+00
-1.682957393483709296e+01,2.525754109584738671e+02,-1.000000000000000000e+00,1.414213562373095145e+00
-1.674436090225563945e+01,2.498849002204760268e+02,-1.000000000000000000e+00,1.414213562373095145e+00
-1.665914786967418593e+01,2.472089120043216042e+02,-1.000000000000000000e+00,1.414213562373095145e+00
-1.657393483709273241e+01,2.445474463100106277e+02,-1.000000000000000000e+00,1.414213562373095145e+00
-1.648872180451127889e+01,2.419005031375431258e+02,-1.000000000000000000e+00,1.414213562373095145e+00
-1.640350877192982537e+01,2.392680824869190985e+02,-1.000000000000000000e+00,1.414213562373095145e+00
-1.631829573934837185e+01,2.366501843581384605e+02,-1.000000000000000000e+00,1.414213562373095145e+00
-1.623308270676691834e+01,2.340468087512013255e+02,-1.000000000000000000e+00,1.414213562373095145e+00
-1.614786967418546482e+01,2.314579556661076367e+02,-1.000000000000000000e+00,1.414213562373095145e+00
-1.606265664160401130e+01,2.288836251028574225e+02,-1.000000000000000000e+00,1.414213562373095145e+00
-1.597744360902255600e+01,2.263238170614505975e+02,-1.000000000000000000e+00,1.414213562373095145e+00
-1.589223057644110249e+01,2.237785315418872756e+02,-1.000000000000000000e+00,1.414213562373095145e+00
-1.580701754385964897e+01,2.212477685441674282e+02,-1.000000000000000000e+00,1.414213562373095145e+00
-1.572180451127819545e+01,2.187315280682910270e+02,-1.000000000000000000e+00,1.414213562373095145e+00
-1.563659147869674193e+01,2.162298101142580720e+02,-1.000000000000000000e+00,1.414213562373095145e+00
-1.555137844611528841e+01,2.137426146820685631e+02,-1.000000000000000000e+00,1.414213562373095145e+00
-1.546616541353383489e+01,2.112699417717225572e+02,-1.000000000000000000e+00,1.414213562373095145e+00
-1.538095238095238138e+01,2.088117913832199690e+02,-1.000000000000000000e+00,1.414213562373095145e+00
-1.529573934837092786e+01,2.063681635165608270e+02,-1.000000000000000000e+00,1.414213562373095145e+00
-1.521052631578947434e+01,2.039390581717451596e+02,-1.000000000000000000e+00,1.414213562373095145e+00
-1.512531328320802082e+01,2.015244753487729668e+02,-1.000000000000000000e+00,1.414213562373095145e+00
-1.504010025062656553e+01,1.991244150476441348e+02,-1.000000000000000000e+00,1.414213562373095145e+00
-1.495488721804511201e+01,1.967388772683588343e+02,-1.000000000000000000e+00,1.414213562373095145e+00
-1.486967418546365849e+01,1.943678620109170083e+02,-1.000000000000000000e+00,1.414213562373095145e+00
-1.478446115288220497e+01,1.920113692753186285e+02,-1.000000000000000000e+00,1.414213562373095145e+00
-1.469924812030075145e+01,1.896693990615636665e+02,-1.000000000000000000e+00,1.414213562373095145e+00
-1.461403508771929793e+01,1.873419513696521790e+02,-1.000000000000000000e+00,1.414213562373095145e+00
-1.452882205513784442e+01,1.850290261995841661e+02,-1.000000000000000000e+00,1.414213562373095145e+00
-1.444360902255639090e+01,1.827306235513595993e+02,-1.000000000000000000e+00,1.414213562373095145e+00
-1.435839598997493738e+01,1.804467434249784787e+02,-1.000000000000000000e+00,1.414213562373095145e+00
-1.427318295739348386e+01,1.781773858204408327e+02,-1.000000000000000000e+00,1.414213562373095145e+00
-1.418796992481203034e+01,1.759225507377466329e+02,-1.000000000000000000e+00,1.414213562373095145e+00
-1.410275689223057682e+01,1.736822381768958792e+02,-1.000000000000000000e+00,1.414213562373095145e+00
-1.401754385964912331e+01,1.714564481378886001e+02,-1.000000000000000000e+00,1.414213562373095145e+00
-1.393233082706766979e+01,1.692451806207247671e+02,-1.000000000000000000e+00,1.414213562373095145e+00
-1.384711779448621627e+01,1.670484356254044087e+02,-1.000000000000000000e+00,1.414213562373095145e+00
-1.376190476190476275e+01,1.648662131519274681e+02,-1.000000000000000000e+00,1.414213562373095145e+00
-1.367669172932330923e+01,1.626985132002940020e+02,-1.000000000000000000e+00,1.414213562373095145e+00
-1.359147869674185571e+01,1.605453357705039821e+02,-1.000000000000000000e+00,1.414213562373095145e+00
-1.350626566416040220e+01,1.584066808625574367e+02,-1.000000000000000000e+00,1.414213562373095145e+00
-1.342105263157894868e+01,1.562825484764543376e+02,-1.000000000000000000e+00,1.414213562373095145e+00
-1.333583959899749338e+01,1.541729386121946277e+02,-1.000000000000000000e+00,1.414213562373095145e+00
-1.325062656641603986e+01,1.520778512697784493e+02,-1.000000000000000000e+00,1.414213562373095145e+00
-1.316541353383458635e+01,1.499972864492057170e+02,-1.000000000000000000e+00,1.414213562373095145e+00
-1.308020050125313283e+01,1.479312441504764593e+02,-1.000000000000000000e+00,1.414213562373095145e+00
-1.299498746867167931e+01,1.458797243735906193e+02,-1.000000000000000000e+00,1.414213562373095145e+00
-1.290977443609022579e+01,1.438427271185482539e+02,-1.000000000000000000e+00,1.414213562373095145e+00
-1.282456140350877227e+01,1.418202523853493631e+02,-1.000000000000000000e+00,1.414213562373095145e+00
-1.273934837092731875e+01,1.398123001739938900e+02,-1.000000000000000000e+00,1.414213562373095145e+00
-1.265413533834586524e+01,1.378188704844818915e+02,-1.000000000000000000e+00,1.414213562373095145e+00
-1.256892230576441172e+01,1.358399633168133391e+02,-1.000000000000000000e+00,1.414213562373095145e+00
-1.248370927318295642e+01,1.338755786709882329e+02,-1.000000000000000000e+00,1.414213562373095145e+00
-1.239849624060150290e+01,1.319257165470066013e+02,-1.000000000000000000e+00,1.414213562373095145e+00
-1.231328320802004939e+01,1.299903769448684159e+02,-1.000000000000000000e+00,1.414213562373095145e+00
-1.222807017543859587e+01,1.280695598645737050e+02,-1.000000000000000000e+00,1.414213562373095145e+00
-1.214285714285714235e+01,1.261632653061224403e+02,-1.000000000000000000e+00,1.414213562373095145e+00
-1.205764411027568883e+01,1.242714932695146217e+02,-1.000000000000000000e+00,1.414213562373095145e+00
-1.197243107769423531e+01,1.223942437547502777e+02,-1.000000000000000000e+00,1.414213562373095145e+00
-1.188721804511278179e+01,1.205315167618293941e+02,-1.000000000000000000e+00,1.414213562373095145e+00
-1.180200501253132828e+01,1.186833122907519567e+02,-1.000000000000000000e+00,1.414213562373095145e+00
-1.171679197994987476e+01,1.168496303415179511e+02,-1.000000000000000000e+00,1.414213562373095145e+00
-1.163157894736842124e+01,1.150304709141274202e+02,-1.000000000000000000e+00,1.414213562373095145e+00
-1.154636591478696772e+01,1.132258340085803496e+02,-1.000000000000000000e+00,1.414213562373095145e+00
-1.146115288220551420e+01,1.114357196248767536e+02,-1.000000000000000000e+00,1.414213562373095145e+00
-1.137593984962406068e+01,1.096601277630165612e+02,-1.000000000000000000e+00,1.414213562373095145e+00
-1.129072681704260717e+01,1.078990584229998717e+02,-1.000000000000000000e+00,1.414213562373095145e+00
-1.120551378446115365e+01,1.061525116048266142e+02,-1.000000000000000000e+00,1.414213562373095145e+00
-1.112030075187970013e+01,1.044204873084968312e+02,-1.000000000000000000e+00,1.414213562373095145e+00
-1.103508771929824661e+01,1.027029855340104803e+02,-1.000000000000000000e+00,1.414213562373095145e+00
-1.094987468671679309e+01,1.010000062813676038e+02,-1.000000000000000000e+00,1.414213562373095145e+00
-1.086466165413533957e+01,9.931154955056817357e+01,-1.000000000000000000e+00,1.414213562373095145e+00
-1.077944862155388606e+01,9.763761534161218947e+01,-1.000000000000000000e+00,1.414213562373095145e+00
-1.069423558897243254e+01,9.597820365449967994e+01,-1.000000000000000000e+00,1.414213562373095145e+00
-1.060902255639097902e+01,9.433331448923061657e+01,-1.000000000000000000e+00,1.414213562373095145e+00
-1.052380952380952372e+01,9.270294784580498515e+01,-1.000000000000000000e+00,1.414213562373095145e+00
-1.043859649122807021e+01,9.108710372422284252e+01,-1.000000000000000000e+00,1.414213562373095145e+00
-1.035338345864661669e+01,8.948578212448414604e+01,-1.000000000000000000e+00,1.414213562373095145e+00
-1.026817042606516317e+01,8.789898304658890993e+01,-1.000000000000000000e+00,1.414213562373095145e+00
-1.018295739348370965e+01,8.632670649053711998e+01,-1.000000000000000000e+00,1.414213562373095145e+00
-1.009774436090225613e+01,8.476895245632880460e+01,-1.000000000000000000e+00,1.414213562373095145e+00
-1.001253132832080261e+01,8.322572094396392117e+01,-1.000000000000000000e+00,1.414213562373095145e+00
-9.927318295739349097e+00,8.169701195344252653e+01,-1.000000000000000000e+00,1.414213562373095145e+00
-9.842105263157895578e+00,8.018282548476454963e+01,-1.000000000000000000e+00,1.414213562373095145e+00
-9.756892230576440284e+00,7.868316153793001888e+01,-1.000000000000000000e+00,1.414213562373095145e+00
-9.671679197994986765e+00,7.719802011293896271e+01,-1.000000000000000000e+00,1.414213562373095145e+00
-9.586466165413533247e+00,7.572740120979138112e+01,-1.000000000000000000e+00,1.414213562373095145e+00
-9.501253132832079729e+00,7.427130482848724569e+01,-1.000000000000000000e+00,1.414213562373095145e+00
-9.416040100250626210e+00,7.282973096902657062e+01,-1.000000000000000000e+00,1.414213562373095145e+00
-9.330827067669172692e+00,7.140267963140934171e+01,-1.000000000000000000e+00,1.414213562373095145e+00
-9.245614035087719174e+00,6.999015081563557317e+01,-1.000000000000000000e+00,1.414213562373095145e+00
-9.160401002506265655e+00,6.859214452170527920e+01,-1.000000000000000000e+00,1.414213562373095145e+00
-9.075187969924812137e+00,6.720866074961840297e+01,-1.000000000000000000e+00,1.414213562373095145e+00
-8.989974937343358619e+00,6.583969949937500132e+01,-1.000000000000000000e+00,1.414213562373095145e+00
-8.904761904761905100e+00,6.448526077097506004e+01,-1.000000000000000000e+00,1.414213562373095145e+00
-8.819548872180451582e+00,6.314534456441857202e+01,-1.000000000000000000e+00,1.414213562373095145e+00
-8.734335839598998064e+00,6.181995087970554437e+01,-1.000000000000000000e+00,1.414213562373095145e+00
-8.649122807017544545e+00,6.050907971683596287e+01,-1.000000000000000000e+00,1.414213562373095145e+00
-8.563909774436091027e+00,5.921273107580984174e+01,-1.000000000000000000e+00,1.414213562373095145e+00
-8.478696741854637509e+00,5.793090495662716677e+01,-1.000000000000000000e+00,1.414213562373095145e+00
-8.393483709273183990e+00,5.666360135928796637e+01,-1.000000000000000000e+00,1.414213562373095145e+00
-8.308270676691730472e+00,5.541082028379219793e+01,-1.000000000000000000e+00,1.414213562373095145e+00
-8.223057644110276954e+00,5.417256173013990406e+01,-1.000000000000000000e+00,1.414213562373095145e+00
-8.137844611528823435e+00,5.294882569833105634e+01,-1.000000000000000000e+00,1.414213562373095145e+00
-8.052631578947368141e+00,5.173961218836564058e+01,-1.000000000000000000e+00,1.414213562373095145e+00
-7.967418546365914622e+00,5.054492120024372070e+01,-1.000000000000000000e+00,1.414213562373095145e+00
-7.882205513784461104e+00,4.936475273396523278e+01,-1.000000000000000000e+00,1.414213562373095145e+00
-7.796992481203007586e+00,4.819910678953021943e+01,-1.000000000000000000e+00,1.414213562373095145e+00
-7.711779448621554067e+00,4.704798336693865224e+01,-1.000000000000000000e+00,1.414213562373095145e+00
-7.626566416040100549e+00,4.591138246619054541e+01,-1.000000000000000000e+00,1.414213562373095145e+00
-7.541353383458647031e+00,4.478930408728588475e+01,-1.000000000000000000e+00,1.414213562373095145e+00
-7.456140350877193512e+00,4.368174823022468445e+01,-1.000000000000000000e+00,1.414213562373095145e+00
-7.370927318295739994e+00,4.258871489500694452e+01,-1.000000000000000000e+00,1.414213562373095145e+00
-7.285714285714286476e+00,4.151020408163266495e+01,-1.000000000000000000e+00,1.414213562373095145e+00
-7.200501253132832957e+00,4.044621579010183154e+01,-1.000000000000000000e+00,1.414213562373095145e+00
-7.115288220551379439e+00,3.939675002041445850e+01,-1.000000000000000000e+00,1.414213562373095145e+00
-7.030075187969925921e+00,3.836180677257053162e+01,-1.000000000000000000e+00,1.414213562373095145e+00
-6.944862155388472402e+00,3.734138604657007932e+01,-1.000000000000000000e+00,1.414213562373095145e+00
-6.859649122807018884e+00,3.633548784241305896e+01,-1.000000000000000000e+00,1.414213562373095145e+00
-6.774436090225563589e+00,3.534411216009949186e+01,-1.000000000000000000e+00,1.414213562373095145e+00
-6.689223057644110071e+00,3.436725899962939934e+01,-1.000000000000000000e+00,1.414213562373095145e+00
-6.604010025062656553e+00,3.340492836100275298e+01,-1.000000000000000000e+00,1.414213562373095145e+00
-6.518796992481203034e+00,3.245712024421957409e+01,-1.000000000000000000e+00,1.414213562373095145e+00
-6.433583959899749516e+00,3.152383464927984136e+01,-1.000000000000000000e+00,1.414213562373095145e+00
-6.348370927318295998e+00,3.060507157618356899e+01,-1.000000000000000000e+00,1.414213562373095145e+00
-6.263157894736842479e+00,2.970083102493074989e+01,-1.000000000000000000e+00,1.414213562373095145e+00
-6.177944862155388961e+00,2.881111299552139116e+01,-1.000000000000000000e+00,1.414213562373095145e+00
-6.092731829573935443e+00,2.793591748795548568e+01,-1.000000000000000000e+00,1.414213562373095145e+00
-6.007518796992481924e+00,2.707524450223303347e+01,-1.000000000000000000e+00,1.414213562373095145e+00
-5.922305764411028406e+00,2.622909403835404163e+01,-1.000000000000000000e+00,1.414213562373095145e+00
-5.837092731829574888e+00,2.539746609631850305e+01,-1.000000000000000000e+00,1.414213562373095145e+00
-5.751879699248121369e+00,2.458036067612641773e+01,-1.000000000000000000e+00,1.414213562373095145e+00
-5.666666666666667851e+00,2.377777777777778567e+01,-1.000000000000000000e+00,1.414213562373095145e+00
-5.581453634085214333e+00,2.298971740127261754e+01,-1.000000000000000000e+00,1.414213562373095145e+00
-5.496240601503760814e+00,2.221617954661089911e+01,-1.000000000000000000e+00,1.414213562373095145e+00
-5.411027568922307296e+00,2.145716421379264105e+01,-1.000000000000000000e+00,1.414213562373095145e+00
-5.325814536340852001e+00,2.071267140281782204e+01,-1.000000000000000000e+00,1.414213562373095145e+00
-5.240601503759398483e+00,1.998270111368647051e+01,-1.000000000000000000e+00,1.414213562373095145e+00
-5.155388471177944965e+00,1.926725334639857934e+01,-1.000000000000000000e+00,1.414213562373095145e+00
-5.070175438596491446e+00,1.856632810095414143e+01,-1.000000000000000000e+00,1.414213562373095145e+00
-4.984962406015037928e+00,1.787992537735316034e+01,-1.000000000000000000e+00,1.414213562373095145e+00
-4.899749373433584410e+00,1.720804517559563251e+01,-1.000000000000000000e+00,1.414213562373095145e+00
-4.814536340852130891e+00,1.655068749568156505e+01,-1.000000000000000000e+00,1.414213562373095145e+00
-4.729323308270677373e+00,1.590785233761095085e+01,-1.000000000000000000e+00,1.414213562373095145e+00
-4.644110275689223855e+00,1.527953970138378992e+01,-1.000000000000000000e+00,1.414213562373095145e+00
-4.558897243107770336e+00,1.466574958700008935e+01,-1.000000000000000000e+00,1.414213562373095145e+00
-4.473684210526316818e+00,1.406648199445984204e+01,-1.000000000000000000e+00,1.414213562373095145e+00
-4.388471177944863300e+00,1.348173692376304800e+01,-1.000000000000000000e+00,1.414213562373095145e+00
-4.303258145363409781e+00,1.291151437490971432e+01,-1.000000000000000000e+00,1.414213562373095145e+00
-4.218045112781956263e+00,1.235581434789983390e+01,-1.000000000000000000e+00,1.414213562373095145e+00
-4.132832080200502745e+00,1.181463684273341030e+01,-1.000000000000000000e+00,1.414213562373095145e+00
-4.047619047619047450e+00,1.128798185941042931e+01,-1.000000000000000000e+00,1.414213562373095145e+00
-3.962406015037593932e+00,1.077584939793091756e+01,-1.000000000000000000e+00,1.414213562373095145e+00
-3.877192982456140413e+00,1.027823945829486085e+01,-1.000000000000000000e+00,1.414213562373095145e+00
-3.791979949874686895e+00,9.795152040502259183e+00,-1.000000000000000000e+00,1.414213562373095145e+00
-3.706766917293233377e+00,9.326587144553114328e+00,-1.000000000000000000e+00,1.414213562373095145e+00
-3.621553884711779858e+00,8.872544770447424511e+00,-1.000000000000000000e+00,1.414213562373095145e+00
-3.536340852130326340e+00,8.433024918185189733e+00,-1.000000000000000000e+00,1.414213562373095145e+00
-3.451127819548872822e+00,8.008027587766411770e+00,-1.000000000000000000e+00,1.414213562373095145e+00
-3.365914786967419303e+00,7.597552779191088845e+00,-1.000000000000000000e+00,1.414213562373095145e+00
-3.280701754385965785e+00,7.201600492459222735e+00,-1.000000000000000000e+00,1.414213562373095145e+00
-3.195488721804512267e+00,6.820170727570811664e+00,-1.000000000000000000e+00,1.414213562373095145e+00
-3.110275689223058748e+00,6.453263484525855631e+00,-1.000000000000000000e+00,1.414213562373095145e+00
-3.025062656641605230e+00,6.100878763324356413e+00,-1.000000000000000000e+00,1.414213562373095145e+00
-2.939849624060151712e+00,5.763016563966312233e+00,-1.000000000000000000e+00,1.414213562373095145e+00
-2.854636591478698193e+00,5.439676886451723092e+00,-1.000000000000000000e+00,1.414213562373095145e+00
-2.769423558897244675e+00,5.130859730780590766e+00,-1.000000000000000000e+00,1.414213562373095145e+00
-2.684210526315791157e+00,4.836565096952914367e+00,-1.000000000000000000e+00,1.414213562373095145e+00
-2.598997493734335862e+00,4.556792984968687676e+00,-1.000000000000000000e+00,1.414213562373095145e+00
-2.513784461152882344e+00,4.291543394827922242e+00,-1.000000000000000000e+00,1.414213562373095145e+00
-2.428571428571428825e+00,4.040816326530612734e+00,-1.000000000000000000e+00,1.414213562373095145e+00
-2.343358395989975307e+00,3.804611780076759153e+00,-1.000000000000000000e+00,1.414213562373095145e+00
-2.258145363408521789e+00,3.582929755466361499e+00,-1.000000000000000000e+00,1.414213562373095145e+00
-2.172932330827068270e+00,3.375770252699418883e+00,-1.000000000000000000e+00,1.414213562373095145e+00
-2.087719298245614752e+00,3.183133271775932194e+00,-1.000000000000000000e+00,1.414213562373095145e+00
-2.002506265664161234e+00,3.005018812695901431e+00,-1.000000000000000000e+00,1.414213562373095145e+00
-1.917293233082707715e+00,2.841426875459326595e+00,-1.000000000000000000e+00,1.414213562373095145e+00
-1.832080200501254197e+00,2.692357460066207242e+00,-1.000000000000000000e+00,1.414213562373095145e+00
-1.746867167919800679e+00,2.557810566516543815e+00,-1.000000000000000000e+00,1.414213562373095145e+00
-1.661654135338347160e+00,2.437786194810335871e+00,-1.000000000000000000e+00,1.414213562373095145e+00
-1.576441102756893642e+00,2.332284344947583410e+00,-1.000000000000000000e+00,1.414213562373095145e+00
-1.491228070175440124e+00,2.241305016928287319e+00,-1.000000000000000000e+00,1.414213562373095145e+00
-1.406015037593986605e+00,2.164848210752446267e+00,-1.000000000000000000e+00,1.414213562373095145e+00
-1.320802005012531311e+00,2.102913926420060253e+00,-1.000000000000000000e+00,1.414213562373095145e+00
-1.235588972431077792e+00,2.055502163931131054e+00,-1.000000000000000000e+00,1.414213562373095145e+00
-1.150375939849624274e+00,2.022612923285657782e+00,-1.000000000000000000e+00,1.414213562373095145e+00
-1.065162907268170756e+00,2.004246204483639993e+00,-1.000000000000000000e+00,1.414213562373095145e+00
-9.799498746867172372e-01,2.000402007525078574e+00,-1.000000000000000000e+00,1.414213562373095145e+00
-8.947368421052637188e-01,2.011080332409972193e+00,-1.000000000000000000e+00,1.414213562373095145e+00
-8.095238095238102005e-01,2.036281179138321740e+00,-1.000000000000000000e+00,1.414213562373095145e+00
-7.243107769423566822e-01,2.076004547710127213e+00,-1.000000000000000000e+00,1.414213562373095145e+00
-6.390977443609031639e-01,2.130250438125387724e+00,-1.000000000000000000e+00,1.414213562373095145e+00
-5.538847117794496455e-01,2.199018850384104606e+00,-1.000000000000000000e+00,1.414213562373095145e+00
-4.686716791979961272e-01,2.282309784486277415e+00,-1.000000000000000000e+00,1.414213562373095145e+00
-3.834586466165426089e-01,2.380123240431905263e+00,-1.000000000000000000e+00,1.414213562373095145e+00
-2.982456140350890905e-01,2.492459218220989037e+00,-1.000000000000000000e+00,1.414213562373095145e+00
-2.130325814536355722e-01,2.619317717853528737e+00,-1.000000000000000000e+00,1.414213562373095145e+00
-1.278195488721820539e-01,2.760698739329523921e+00,-1.000000000000000000e+00,1.414213562373095145e+00
-4.260651629072853552e-02,2.916602282648975031e+00,-1.000000000000000000e+00,1.414213562373095145e+00
4.260651629072498281e-02,3.087028347811881623e+00,-1.000000000000000000e+00,1.414213562373095145e+00
1.278195488721785011e-01,3.271976934818244143e+00,-1.000000000000000000e+00,1.414213562373095145e+00
2.130325814536320195e-01,3.471448043668062589e+00,-1.000000000000000000e+00,1.414213562373095145e+00
2.982456140350855378e-01,3.685441674361336517e+00,-1.000000000000000000e+00,1.414213562373095145e+00
3.834586466165390561e-01,3.913957826898065928e+00,-1.000000000000000000e+00,1.414213562373095145e+00
4.686716791979925745e-01,4.156996501278251266e+00,-1.000000000000000000e+00,1.414213562373095145e+00
5.538847117794460928e-01,4.414557697501892086e+00,-1.000000000000000000e+00,1.414213562373095145e+00
6.390977443608996111e-01,4.686641415568988833e+00,-1.000000000000000000e+00,1.414213562373095145e+00
7.243107769423531295e-01,4.973247655479541507e+00,-1.000000000000000000e+00,1.414213562373095145e+00
8.095238095238102005e-01,5.274376417233562542e+00,-1.000000000000000000e+00,1.414213562373095145e+00
8.947368421052637188e-01,5.590027700831027069e+00,-1.000000000000000000e+00,1.414213562373095145e+00
9.799498746867172372e-01,5.920201506271947522e+00,-1.000000000000000000e+00,1.414213562373095145e+00
1.065162907268170756e+00,6.264897833556323015e+00,-1.000000000000000000e+00,1.414213562373095145e+00
1.150375939849624274e+00,6.624116682684155322e+00,-1.000000000000000000e+00,1.414213562373095145e+00
1.235588972431077792e+00,6.997858053655441779e+00,-1.000000000000000000e+00,1.414213562373095145e+00
1.320802005012531311e+00,7.386121946470185051e+00,-1.000000000000000000e+00,1.414213562373095145e+00
1.406015037593984829e+00,7.788908361128384250e+00,-1.000000000000000000e+00,1.414213562373095145e+00
1.491228070175438347e+00,8.206217297630038487e+00,-1.000000000000000000e+00,1.414213562373095145e+00
1.576441102756891866e+00,8.638048755975148651e+00,-1.000000000000000000e+00,1.414213562373095145e+00
1.661654135338345384e+00,9.084402736163715630e+00,-1.000000000000000000e+00,1.414213562373095145e+00
1.746867167919798902e+00,9.545279238195735871e+00,-1.000000000000000000e+00,1.414213562373095145e+00
1.832080200501252421e+00,1.002067826207121470e+01,-1.000000000000000000e+00,1.414213562373095145e+00
1.917293233082705939e+00,1.051059980779014680e+01,-1.000000000000000000e+00,1.414213562373095145e+00
2.002506265664159457e+00,1.101504387535253571e+01,-1.000000000000000000e+00,1.414213562373095145e+00
2.087719298245612976e+00,1.153401046475838143e+01,-1.000000000000000000e+00,1.414213562373095145e+00
2.172932330827066494e+00,1.206749957600768042e+01,-1.000000000000000000e+00,1.414213562373095145e+00
2.258145363408520012e+00,1.261551120910043622e+01,-1.000000000000000000e+00,1.414213562373095145e+00
2.343358395989973531e+00,1.317804536403664883e+01,-1.000000000000000000e+00,1.414213562373095145e+00
2.428571428571427049e+00,1.375510204081631649e+01,-1.000000000000000000e+00,1.414213562373095145e+00
2.513784461152880567e+00,1.434668123943943918e+01,-1.000000000000000000e+00,1.414213562373095145e+00
2.598997493734334086e+00,1.495278295990601691e+01,-1.000000000000000000e+00,1.414213562373095145e+00
2.684210526315787604e+00,1.557340720221605324e+01,-1.000000000000000000e+00,1.414213562373095145e+00
2.769423558897241122e+00,1.620855396636954282e+01,-1.000000000000000000e+00,1.414213562373095145e+00
2.854636591478694641e+00,1.685822325236648922e+01,-1.000000000000000000e+00,1.414213562373095145e+00
2.939849624060148159e+00,1.752241506020688888e+01,-1.000000000000000000e+00,1.414213562373095145e+00
3.025062656641601677e+00,1.820112938989074891e+01,-1.000000000000000000e+00,1.414213562373095145e+00
3.110275689223055195e+00,1.889436624141806220e+01,-1.000000000000000000e+00,1.414213562373095145e+00
3.195488721804508714e+00,1.960212561478883231e+01,-1.000000000000000000e+00,1.414213562373095145e+00
3.280701754385962232e+00,2.032440751000305568e+01,-1.000000000000000000e+00,1.414213562373095145e+00
3.365914786967415750e+00,2.106121192706073586e+01,-1.000000000000000000e+00,1.414213562373095145e+00
3.451127819548872822e+00,2.181253886596190483e+01,-1.000000000000000000e+00,1.414213562373095145e+00
3.536340852130326340e+00,2.257838832670649509e+01,-1.000000000000000000e+00,1.414213562373095145e+00
3.621553884711779858e+00,2.335876030929454572e+01,-1.000000000000000000e+00,1.414213562373095145e+00
3.706766917293233377e+00,2.415365481372604961e+01,-1.000000000000000000e+00,1.414213562373095145e+00
3.791979949874686895e+00,2.496307184000100676e+01,-1.000000000000000000e+00,1.414213562373095145e+00
3.877192982456140413e+00,2.578701138811942428e+01,-1.000000000000000000e+00,1.414213562373095145e+00
3.962406015037593932e+00,2.662547345808129506e+01,-1.000000000000000000e+00,1.414213562373095145e+00
4.047619047619047450e+00,2.747845804988661911e+01,-1.000000000000000000e+00,1.414213562373095145e+00
4.132832080200500968e+00,2.834596516353540352e+01,-1.000000000000000000e+00,1.414213562373095145e+00
4.218045112781954487e+00,2.922799479902764119e+01,-1.000000000000000000e+00,1.414213562373095145e+00
4.303258145363408005e+00,3.012454695636333568e+01,-1.000000000000000000e+00,1.414213562373095145e+00
4.388471177944861523e+00,3.103562163554248343e+01,-1.000000000000000000e+00,1.414213562373095145e+00
4.473684210526315042e+00,3.196121883656508800e+01,-1.000000000000000000e+00,1.414213562373095145e+00
4.558897243107768560e+00,3.290133855943115293e+01,-1.000000000000000000e+00,1.414213562373095145e+00
4.644110275689222078e+00,3.385598080414067113e+01,-1.000000000000000000e+00,1.414213562373095145e+00
4.729323308270675597e+00,3.482514557069363548e+01,-1.000000000000000000e+00,1.414213562373095145e+00
4.814536340852129115e+00,3.580883285909006730e+01,-1.000000000000000000e+00,1.414213562373095145e+00
4.899749373433582633e+00,3.680704266932995239e+01,-1.000000000000000000e+00,1.414213562373095145e+00
4.984962406015036152e+00,3.781977500141329074e+01,-1.000000000000000000e+00,1.414213562373095145e+00
5.070175438596489670e+00,3.884702985534008235e+01,-1.000000000000000000e+00,1.414213562373095145e+00
5.155388471177943188e+00,3.988880723111033433e+01,-1.000000000000000000e+00,1.414213562373095145e+00
5.240601503759396707e+00,4.094510712872404667e+01,-1.000000000000000000e+00,1.414213562373095145e+00
5.325814536340850225e+00,4.201592954818120518e+01,-1.000000000000000000e+00,1.414213562373095145e+00
5.411027568922303743e+00,4.310127448948182405e+01,-1.000000000000000000e+00,1.414213562373095145e+00
5.496240601503757262e+00,4.420114195262589618e+01,-1.000000000000000000e+00,1.414213562373095145e+00
5.581453634085210780e+00,4.531553193761342868e+01,-1.000000000000000000e+00,1.414213562373095145e+00
5.666666666666664298e+00,4.644444444444441444e+01,-1.000000000000000000e+00,1.414213562373095145e+00
5.751879699248117817e+00,4.758787947311885347e+01,-1.000000000000000000e+00,1.414213562373095145e+00
5.837092731829571335e+00,4.874583702363675286e+01,-1.000000000000000000e+00,1.414213562373095145e+00
5.922305764411024853e+00,4.991831709599810551e+01,-1.000000000000000000e+00,1.414213562373095145e+00
6.007518796992478372e+00,5.110531969020291143e+01,-1.000000000000000000e+00,1.414213562373095145e+00
6.092731829573931890e+00,5.230684480625117772e+01,-1.000000000000000000e+00,1.414213562373095145e+00
6.177944862155385408e+00,5.352289244414289726e+01,-1.000000000000000000e+00,1.414213562373095145e+00
6.263157894736842479e+00,5.475346260387811981e+01,-1.000000000000000000e+00,1.414213562373095145e+00
6.348370927318295998e+00,5.599855528545675298e+01,-1.000000000000000000e+00,1.414213562373095145e+00
6.433583959899749516e+00,5.725817048887883942e+01,-1.000000000000000000e+00,1.414213562373095145e+00
6.518796992481203034e+00,5.853230821414438623e+01,-1.000000000000000000e+00,1.414213562373095145e+00
6.604010025062656553e+00,5.982096846125337919e+01,-1.000000000000000000e+00,1.414213562373095145e+00
6.689223057644110071e+00,6.112415123020583962e+01,-1.000000000000000000e+00,1.414213562373095145e+00
6.774436090225563589e+00,6.244185652100174622e+01,-1.000000000000000000e+00,1.414213562373095145e+00
6.859649122807017108e+00,6.377408433364111318e+01,-1.000000000000000000e+00,1.414213562373095145e+00
6.944862155388470626e+00,6.512083466812393340e+01,-1.000000000000000000e+00,1.414213562373095145e+00
7.030075187969924144e+00,6.648210752445021399e+01,-1.000000000000000000e+00,1.414213562373095145e+00
7.115288220551377663e+00,6.785790290261994073e+01,-1.000000000000000000e+00,1.414213562373095145e+00
7.200501253132831181e+00,6.924822080263314206e+01,-1.000000000000000000e+00,1.414213562373095145e+00
7.285714285714284699e+00,7.065306122448978954e+01,-1.000000000000000000e+00,1.414213562373095145e+00
7.370927318295738218e+00,7.207242416818988318e+01,-1.000000000000000000e+00,1.414213562373095145e+00
7.456140350877191736e+00,7.350630963373343718e+01,-1.000000000000000000e+00,1.414213562373095145e+00
7.541353383458645254e+00,7.495471762112043734e+01,-1.000000000000000000e+00,1.414213562373095145e+00
7.626566416040098773e+00,7.641764813035091208e+01,-1.000000000000000000e+00,1.414213562373095145e+00
7.711779448621552291e+00,7.789510116142483298e+01,-1.000000000000000000e+00,1.414213562373095145e+00
7.796992481203005809e+00,7.938707671434221425e+01,-1.000000000000000000e+00,1.414213562373095145e+00
7.882205513784459328e+00,8.089357478910304167e+01,-1.000000000000000000e+00,1.414213562373095145e+00
7.967418546365912846e+00,8.241459538570734367e+01,-1.000000000000000000e+00,1.414213562373095145e+00
8.052631578947366364e+00,8.395013850415509182e+01,-1.000000000000000000e+00,1.414213562373095145e+00
8.137844611528819883e+00,8.550020414444628614e+01,-1.000000000000000000e+00,1.414213562373095145e+00
8.223057644110273401e+00,8.706479230658095503e+01,-1.000000000000000000e+00,1.414213562373095145e+00
8.308270676691726919e+00,8.864390299055905587e+01,-1.000000000000000000e+00,1.414213562373095145e+00
8.393483709273180438e+00,9.023753619638063128e+01,-1.000000000000000000e+00,1.414213562373095145e+00
8.478696741854633956e+00,9.184569192404565285e+01,-1.000000000000000000e+00,1.414213562373095145e+00
8.563909774436087474e+00,9.346837017355412058e+01,-1.000000000000000000e+00,1.414213562373095145e+00
8.649122807017540993e+00,9.510557094490606289e+01,-1.000000000000000000e+00,1.414213562373095145e+00
8.734335839598994511e+00,9.675729423810145136e+01,-1.000000000000000000e+00,1.414213562373095145e+00
8.819548872180448029e+00,9.842354005314031440e+01,-1.000000000000000000e+00,1.414213562373095145e+00
8.904761904761905100e+00,1.001043083900226804e+02,-1.000000000000000000e+00,1.414213562373095145e+00
8.989974937343358619e+00,1.017995992487484500e+02,-1.000000000000000000e+00,1.414213562373095145e+00
9.075187969924812137e+00,1.035094126293176515e+02,-1.000000000000000000e+00,1.414213562373095145e+00
9.160401002506265655e+00,1.052337485317303276e+02,-1.000000000000000000e+00,1.414213562373095145e+00
9.245614035087719174e+00,1.069726069559864499e+02,-1.000000000000000000e+00,1.414213562373095145e+00
9.330827067669172692e+00,1.087259879020860467e+02,-1.000000000000000000e+00,1.414213562373095145e+00
9.416040100250626210e+00,1.104938913700290755e+02,-1.000000000000000000e+00,1.414213562373095145e+00
9.501253132832079729e+00,1.122763173598155788e+02,-1.000000000000000000e+00,1.414213562373095145e+00
9.586466165413533247e+00,1.140732658714455141e+02,-1.000000000000000000e+00,1.414213562373095145e+00
9.671679197994986765e+00,1.158847369049189240e+02,-1.000000000000000000e+00,1.414213562373095145e+00
9.756892230576440284e+00,1.177107304602357800e+02,-1.000000000000000000e+00,1.414213562373095145e+00
9.842105263157893802e+00,1.195512465373961106e+02,-1.000000000000000000e+00,1.414213562373095145e+00
9.927318295739347320e+00,1.214062851363998732e+02,-1.000000000000000000e+00,1.414213562373095145e+00
1.001253132832080084e+01,1.232758462572471103e+02,-1.000000000000000000e+00,1.414213562373095145e+00
1.009774436090225436e+01,1.251599298999377794e+02,-1.000000000000000000e+00,1.414213562373095145e+00
1.018295739348370788e+01,1.270585360644719231e+02,-1.000000000000000000e+00,1.414213562373095145e+00
1.026817042606516139e+01,1.289716647508495271e+02,-1.000000000000000000e+00,1.414213562373095145e+00
1.035338345864661491e+01,1.308993159590705773e+02,-1.000000000000000000e+00,1.414213562373095145e+00
1.043859649122806843e+01,1.328414896891350736e+02,-1.000000000000000000e+00,1.414213562373095145e+00
1.052380952380952195e+01,1.347981859410430445e+02,-1.000000000000000000e+00,1.414213562373095145e+00
1.060902255639097547e+01,1.367694047147944616e+02,-1.000000000000000000e+00,1.414213562373095145e+00
1.069423558897242899e+01,1.387551460103893248e+02,-1.000000000000000000e+00,1.414213562373095145e+00
1.077944862155388250e+01,1.407554098278276626e+02,-1.000000000000000000e+00,1.414213562373095145e+00
1.086466165413533602e+01,1.427701961671094466e+02,-1.000000000000000000e+00,1.414213562373095145e+00
1.094987468671678954e+01,1.447995050282347052e+02,-1.000000000000000000e+00,1.414213562373095145e+00
1.103508771929824306e+01,1.468433364112033814e+02,-1.000000000000000000e+00,1.414213562373095145e+00
1.112030075187969658e+01,1.489016903160155323e+02,-1.000000000000000000e+00,1.414213562373095145e+00
1.120551378446115010e+01,1.509745667426711577e+02,-1.000000000000000000e+00,1.414213562373095145e+00
1.129072681704260361e+01,1.530619656911702009e+02,-1.000000000000000000e+00,1.414213562373095145e+00
1.137593984962405713e+01,1.551638871615127471e+02,-1.000000000000000000e+00,1.414213562373095145e+00
1.146115288220551065e+01,1.572803311536987110e+02,-1.000000000000000000e+00,1.414213562373095145e+00
1.154636591478696417e+01,1.594112976677281210e+02,-1.000000000000000000e+00,1.414213562373095145e+00
1.163157894736841769e+01,1.615567867036010057e+02,-1.000000000000000000e+00,1.414213562373095145e+00
1.171679197994987476e+01,1.637167982613174502e+02,-1.000000000000000000e+00,1.414213562373095145e+00
1.180200501253132828e+01,1.658913323408772555e+02,-1.000000000000000000e+00,1.414213562373095145e+00
1.188721804511278179e+01,1.680803889422805355e+02,-1.000000000000000000e+00,1.414213562373095145e+00
1.197243107769423531e+01,1.702839680655272332e+02,-1.000000000000000000e+00,1.414213562373095145e+00
1.205764411027568883e+01,1.725020697106173770e+02,-1.000000000000000000e+00,1.414213562373095145e+00
1.214285714285714235e+01,1.747346938775509955e+02,-1.000000000000000000e+00,1.414213562373095145e+00
1.222807017543859587e+01,1.769818405663280600e+02,-1.000000000000000000e+00,1.414213562373095145e+00
1.231328320802004939e+01,1.792435097769486276e+02,-1.000000000000000000e+00,1.414213562373095145e+00
1.239849624060150290e+01,1.815197015094126129e+02,-1.000000000000000000e+00,1.414213562373095145e+00
1.248370927318295642e+01,1.838104157637200444e+02,-1.000000000000000000e+00,1.414213562373095145e+00
1.256892230576440994e+01,1.861156525398709505e+02,-1.000000000000000000e+00,1.414213562373095145e+00
1.265413533834586346e+01,1.884354118378653027e+02,-1.000000000000000000e+00,1.414213562373095145e+00
1.273934837092731698e+01,1.907696936577031295e+02,-1.000000000000000000e+00,1.414213562373095145e+00
1.282456140350877050e+01,1.931184979993843740e+02,-1.000000000000000000e+00,1.414213562373095145e+00
1.290977443609022401e+01,1.954818248629090931e+02,-1.000000000000000000e+00,1.414213562373095145e+00
1.299498746867167753e+01,1.978596742482772868e+02,-1.000000000000000000e+00,1.414213562373095145e+00
1.308020050125313105e+01,2.002520461554889266e+02,-1.000000000000000000e+00,1.414213562373095145e+00
1.316541353383458457e+01,2.026589405845440126e+02,-1.000000000000000000e+00,1.414213562373095145e+00
1.325062656641603809e+01,2.050803575354425448e+02,-1.000000000000000000e+00,1.414213562373095145e+00
1.333583959899749161e+01,2.075162970081845799e+02,-1.000000000000000000e+00,1.414213562373095145e+00
1.342105263157894512e+01,2.099667590027700044e+02,-1.000000000000000000e+00,1.414213562373095145e+00
1.350626566416039864e+01,2.124317435191989318e+02,-1.000000000000000000e+00,1.414213562373095145e+00
1.359147869674185216e+01,2.149112505574713055e+02,-1.000000000000000000e+00,1.414213562373095145e+00
1.367669172932330568e+01,2.174052801175871252e+02,-1.000000000000000000e+00,1.414213562373095145e+00
1.376190476190475920e+01,2.199138321995463912e+02,-1.000000000000000000e+00,1.414213562373095145e+00
1.384711779448621272e+01,2.224369068033491317e+02,-1.000000000000000000e+00,1.414213562373095145e+00
1.393233082706766623e+01,2.249745039289953183e+02,-1.000000000000000000e+00,1.414213562373095145e+00
1.401754385964911975e+01,2.275266235764849796e+02,-1.000000000000000000e+00,1.414213562373095145e+00
1.410275689223057327e+01,2.300932657458180870e+02,-1.000000000000000000e+00,1.414213562373095145e+00
1.418796992481202679e+01,2.326744304369946406e+02,-1.000000000000000000e+00,1.414213562373095145e+00
1.427318295739348031e+01,2.352701176500146403e+02,-1.000000000000000000e+00,1.414213562373095145e+00
1.435839598997493738e+01,2.378803273848782283e+02,-1.000000000000000000e+00,1.414213562373095145e+00
1.444360902255639090e+01,2.405050596415851487e+02,-1.000000000000000000e+00,1.414213562373095145e+00
1.452882205513784442e+01,2.431443144201355722e+02,-1.000000000000000000e+00,1.414213562373095145e+00
1.461403508771929793e+01,2.457980917205293849e+02,-1.000000000000000000e+00,1.414213562373095145e+00
1.469924812030075145e+01,2.484663915427666723e+02,-1.000000000000000000e+00,1.414213562373095145e+00
1.478446115288220497e+01,2.511492138868474342e+02,-1.000000000000000000e+00,1.414213562373095145e+00
1.486967418546365849e+01,2.538465587527716139e+02,-1.000000000000000000e+00,1.414213562373095145e+00
1.495488721804511201e+01,2.565584261405392681e+02,-1.000000000000000000e+00,1.414213562373095145e+00
1.504010025062656553e+01,2.592848160501504253e+02,-1.000000000000000000e+00,1.414213562373095145e+00
1.512531328320801549e+01,2.620257284816048582e+02,-1.000000000000000000e+00,1.414213562373095145e+00
1.521052631578947256e+01,2.647811634349030214e+02,-1.000000000000000000e+00,1.414213562373095145e+00
1.529573934837092253e+01,2.675511209100444034e+02,-1.000000000000000000e+00,1.414213562373095145e+00
1.538095238095237960e+01,2.703356009070294022e+02,-1.000000000000000000e+00,1.414213562373095145e+00
1.546616541353382956e+01,2.731346034258576765e+02,-1.000000000000000000e+00,1.414213562373095145e+00
1.555137844611528664e+01,2.759481284665296812e+02,-1.000000000000000000e+00,1.414213562373095145e+00
1.563659147869673660e+01,2.787761760290448478e+02,-1.000000000000000000e+00,1.414213562373095145e+00
1.572180451127819367e+01,2.816187461134037449e+02,-1.000000000000000000e+00,1.414213562373095145e+00
1.580701754385965074e+01,2.844758387196060880e+02,-1.000000000000000000e+00,1.414213562373095145e+00
1.589223057644110071e+01,2.873474538476516500e+02,-1.000000000000000000e+00,1.414213562373095145e+00
1.597744360902255778e+01,2.902335914975408855e+02,-1.000000000000000000e+00,1.414213562373095145e+00
1.606265664160400775e+01,2.931342516692733398e+02,-1.000000000000000000e+00,1.414213562373095145e+00
1.614786967418546482e+01,2.960494343628495244e+02,-1.000000000000000000e+00,1.414213562373095145e+00
1.623308270676691478e+01,2.989791395782688710e+02,-1.000000000000000000e+00,1.414213562373095145e+00
1.631829573934837185e+01,3.019233673155319480e+02,-1.000000000000000000e+00,1.414213562373095145e+00
1.640350877192982182e+01,3.048821175746383005e+02,-1.000000000000000000e+00,1.414213562373095145e+00
1.648872180451127889e+01,3.078553903555882130e+02,-1.000000000000000000e+00,1.414213562373095145e+00
1.657393483709272886e+01,3.108431856583814579e+02,-1.000000000000000000e+00,1.414213562373095145e+00
1.665914786967418593e+01,3.138455034830183195e+02,-1.000000000000000000e+00,1.414213562373095145e+00
1.674436090225563589e+01,3.168623438294984567e+02,-1.000000000000000000e+00,1.414213562373095145e+00
1.682957393483709296e+01,3.198937066978222674e+02,-1.000000000000000000e+00,1.414213562373095145e+00
1.691478696741854293e+01,3.229395920879892401e+02,-1.000000000000000000e+00,1.414213562373095145e+00
1.700000000000000000e+01,3.260000000000000000e+02,-1.000000000000000000e+00,1.414213562373095145e+00
