# x, f(x), root1, root2
-1.700000000000000000e+01,-2.800000000000000000e+01,-3.000000000000000000e+00,-3.000000000000000000e+00
-1.691478696741854648e+01,-2.782957393483709296e+01,-3.000000000000000000e+00,-3.000000000000000000e+00
-1.682957393483709296e+01,-2.765914786967418593e+01,-3.000000000000000000e+00,-3.000000000000000000e+00
-1.674436090225563945e+01,-2.748872180451127889e+01,-3.000000000000000000e+00,-3.000000000000000000e+00
-1.665914786967418593e+01,-2.731829573934837185e+01,-3.000000000000000000e+00,-3.000000000000000000e+00
-1.657393483709273241e+01,-2.714786967418546482e+01,-3.000000000000000000e+00,-3.000000000000000000e+00
-1.648872180451127889e+01,-2.697744360902255778e+01,-3.000000000000000000e+00,-3.000000000000000000e+00
-1.640350877192982537e+01,-2.680701754385965074e+01,-3.000000000000000000e+00,-3.000000000000000000e+00
-1.631829573934837185e+01,-2.663659147869674371e+01,-3.000000000000000000e+00,-3.000000000000000000e+00
-1.623308270676691834e+01,-2.646616541353383667e+01,-3.000000000000000000e+00,-3.000000000000000000e+00
-1.614786967418546482e+01,-2.629573934837092963e+01,-3.000000000000000000e+00,-3.000000000000000000e+00
-1.606265664160401130e+01,-2.612531328320802260e+01,-3.000000000000000000e+00,-3.000000000000000000e+00
-1.597744360902255600e+01,-2.595488721804511201e+01,-3.000000000000000000e+00,-3.000000000000000000e+00
-1.589223057644110249e+01,-2.578446115288220497e+01,-3.000000000000000000e+00,-3.000000000000000000e+00
-1.580701754385964897e+01,-2.561403508771929793e+01,-3.000000000000000000e+00,-3.000000000000000000e+00
-1.572180451127819545e+01,-2.544360902255639090e+01,-3.000000000000000000e+00,-3.000000000000000000e+00
-1.563659147869674193e+01,-2.527318295739348386e+01,-3.000000000000000000e+00,-3.000000000000000000e+00
-1.555137844611528841e+01,-2.510275689223057682e+01,-3.000000000000000000e+00,-3.000000000000000000e+00
-1.546616541353383489e+01,-2.493233082706766979e+01,-3.000000000000000000e+00,-3.000000000000000000e+00
-1.538095238095238138e+01,-2.476190476190476275e+01,-3.000000000000000000e+00,-3.000000000000000000e+00
-1.529573934837092786e+01,-2.459147869674185571e+01,-3.000000000000000000e+00,-3.000000000000000000e+00
-1.521052631578947434e+01,-2.442105263157894868e+01,-3.000000000000000000e+00,-3.000000000000000000e+00
-1.512531328320802082e+01,-2.425062656641604164e+01,-3.000000000000000000e+00,-3.000000000000000000e+00
-1.504010025062656553e+01,-2.408020050125313105e+01,-3.000000000000000000e+00,-3.000000000000000000e+00
-1.495488721804511201e+01,-2.390977443609022401e+01,-3.000000000000000000e+00,-3.000000000000000000e+00
-1.486967418546365849e+01,-2.373934837092731698e+01,-3.000000000000000000e+00,-3.000000000000000000e+00
-1.478446115288220497e+01,-2.356892230576440994e+01,-3.000000000000000000e+00,-3.000000000000000000e+00
-1.469924812030075145e+01,-2.339849624060150290e+01,-3.000000000000000000e+00,-3.000000000000000000e+00
-1.461403508771929793e+01,-2.322807017543859587e+01,-3.000000000000000000e+00,-3.000000000000000000e+00
-1.452882205513784442e+01,-2.305764411027568883e+01,-3.000000000000000000e+00,-3.000000000000000000e+00
-1.444360902255639090e+01,-2.288721804511278179e+01,-3.000000000000000000e+00,-3.000000000000000000e+00
-1.435839598997493738e+01,-2.271679197994987476e+01,-3.000000000000000000e+00,-3.000000000000000000e+00
-1.427318295739348386e+01,-2.254636591478696772e+01,-3.000000000000000000e+00,-3.000000000000000000e+00
-1.418796992481203034e+01,-2.237593984962406068e+01,-3.000000000000000000e+00,-3.000000000000000000e+00
-1.410275689223057682e+01,-2.220551378446115365e+01,-3.000000000000000000e+00,-3.000000000000000000e+00
-1.401754385964912331e+01,-2.203508771929824661e+01,-3.000000000000000000e+00,-3.000000000000000000e+00
-1.393233082706766979e+01,-2.186466165413533957e+01,-3.000000000000000000e+00,-3.000000000000000000e+00
-1.384711779448621627e+01,-2.169423558897243254e+01,-3.000000000000000000e+00,-3.000000000000000000e+00
-1.376190476190476275e+01,-2.152380952380952550e+01,-3.000000000000000000e+00,-3.000000000000000000e+00
-1.367669172932330923e+01,-2.135338345864661846e+01,-3.000000000000000000e+00,-3.000000000000000000e+00
-1.359147869674185571e+01,-2.118295739348371143e+01,-3.000000000000000000e+00,-3.000000000000000000e+00
-1.350626566416040220e+01,-2.101253132832080439e+01,-3.000000000000000000e+00,-3.000000000000000000e+00
-1.342105263157894868e+01,-2.084210526315789735e+01,-3.000000000000000000e+00,-3.000000000000000000e+00
-1.333583959899749338e+01,-2.067167919799498677e+01,-3.000000000000000000e+00,-3.000000000000000000e+00
-1.325062656641603986e+01,-2.050125313283207973e+01,-3.000000000000000000e+00,-3.000000000000000000e+00
-1.316541353383458635e+01,-2.033082706766917269e+01,-3.000000000000000000e+00,-3.000000000000000000e+00
-1.308020050125313283e+01,-2.016040100250626566e+01,-3.000000000000000000e+00,-3.000000000000000000e+00
-1.299498746867167931e+01,-1.998997493734335862e+01,-3.000000000000000000e+00,-3.000000000000000000e+00
-1.290977443609022579e+01,-1.981954887218045158e+01,-3.000000000000000000e+00,-3.000000000000000000e+00
-1.282456140350877227e+01,-1.964912280701754455e+01,-3.000000000000000000e+00,-3.000000000000000000e+00
-1.273934837092731875e+01,-1.947869674185463751e+01,-3.000000000000000000e+00,-3.000000000000000000e+00
-1.265413533834586524e+01,-1.930827067669173047e+01,-3.000000000000000000e+00,-3.000000000000000000e+00
-1.256892230576441172e+01,-1.913784461152882344e+01,-3.000000000000000000e+00,-3.000000000000000000e+00
-1.248370927318295642e+01,-1.896741854636591285e+01,-3.000000000000000000e+00,-3.000000000000000000e+00
-1.239849624060150290e+01,-1.879699248120300581e+01,-3.000000000000000000e+00,-3.000000000000000000e+00
-1.231328320802004939e+01,-1.862656641604009877e+01,-3.000000000000000000e+00,-3.000000000000000000e+00
-1.222807017543859587e+01,-1.845614035087719174e+01,-3.000000000000000000e+00,-3.000000000000000000e+00
-1.214285714285714235e+01,-1.828571428571428470e+01,-3.000000000000000000e+00,-3.000000000000000000e+00
-1.205764411027568883e+01,-1.811528822055137766e+01,-3.000000000000000000e+00,-3.000000000000000000e+00
-1.197243107769423531e+01,-1.794486215538847063e+01,-3.000000000000000000e+00,-3.000000000000000000e+00
-1.188721804511278179e+01,-1.777443609022556359e+01,-3.000000000000000000e+00,-3.000000000000000000e+00
-1.180200501253132828e+01,-1.760401002506265655e+01,-3.000000000000000000e+00,-3.000000000000000000e+00
-1.171679197994987476e+01,-1.743358395989974952e+01,-3.000000000000000000e+00,-3.000000000000000000e+00
-1.163157894736842124e+01,-1.726315789473684248e+01,-3.000000000000000000e+00,-3.000000000000000000e+00
-1.154636591478696772e+01,-1.709273182957393544e+01,-3.000000000000000000e+00,-3.000000000000000000e+00
-1.146115288220551420e+01,-1.692230576441102841e+01,-3.000000000000000000e+00,-3.000000000000000000e+00
-1.137593984962406068e+01,-1.675187969924812137e+01,-3.000000000000000000e+00,-3.000000000000000000e+00
-1.129072681704260717e+01,-1.658145363408521433e+01,-3.000000000000000000e+00,-3.000000000000000000e+00
-1.120551378446115365e+01,-1.641102756892230730e+01,-3.000000000000000000e+00,-3.000000000000000000e+00
-1.112030075187970013e+01,-1.624060150375940026e+01,-3.000000000000000000e+00,-3.000000000000000000e+00
-1.103508771929824661e+01,-1.607017543859649322e+01,-3.000000000000000000e+00,-3.000000000000000000e+00
-1.094987468671679309e+01,-1.589974937343358619e+01,-3.000000000000000000e+00,-3.000000000000000000e+00
-1.086466165413533957e+01,-1.572932330827067915e+01,-3.000000000000000000e+00,-3.000000000000000000e+00
-1.077944862155388606e+01,-1.555889724310777211e+01,-3.000000000000000000e+00,-3.000000000000000000e+00
-1.069423558897243254e+01,-1.538847117794486508e+01,-3.000000000000000000e+00,-3.000000000000000000e+00
-1.060902255639097902e+01,-1.521804511278195804e+01,-3.000000000000000000e+00,-3.000000000000000000e+00
-1.052380952380952372e+01,-1.504761904761904745e+01,-3.000000000000000000e+00,-3.000000000000000000e+00
-1.043859649122807021e+01,-1.487719298245614041e+01,-3.000000000000000000e+00,-3.000000000000000000e+00
-1.035338345864661669e+01,-1.470676691729323338e+01,-3.000000000000000000e+00,-3.000000000000000000e+00
-1.026817042606516317e+01,-1.453634085213032634e+01,-3.000000000000000000e+00,-3.000000000000000000e+00
-1.018295739348370965e+01,-1.436591478696741930e+01,-3.000000000000000000e+00,-3.000000000000000000e+00
-1.009774436090225613e+01,-1.419548872180451227e+01,-3.000000000000000000e+00,-3.000000000000000000e+00
-1.001253132832080261e+01,-1.402506265664160523e+01,-3.000000000000000000e+00,-3.000000000000000000e+00
-9.927318295739349097e+00,-1.385463659147869819e+01,-3.000000000000000000e+00,-3.000000000000000000e+00
-9.842105263157895578e+00,-1.368421052631579116e+01,-3.000000000000000000e+00,-3.000000000000000000e+00
-9.756892230576440284e+00,-1.351378446115288057e+01,-3.000000000000000000e+00,-3.000000000000000000e+00
-9.671679197994986765e+00,-1.334335839598997353e+01,-3.000000000000000000e+00,-3.000000000000000000e+00
-9.586466165413533247e+00,-1.317293233082706649e+01,-3.000000000000000000e+00,-3.000000000000000000e+00
-9.501253132832079729e+00,-1.300250626566415946e+01,-3.000000000000000000e+00,-3.000000000000000000e+00
-9.416040100250626210e+00,-1.283208020050125242e+01,-3.000000000000000000e+00,-3.000000000000000000e+00
-9.330827067669172692e+00,-1.266165413533834538e+01,-3.000000000000000000e+00,-3.000000000000000000e+00
-9.245614035087719174e+00,-1.249122807017543835e+01,-3.000000000000000000e+00,-3.000000000000000000e+00
-9.160401002506265655e+00,-1.232080200501253131e+01,-3.000000000000000000e+00,-3.000000000000000000e+00
-9.075187969924812137e+00,-1.215037593984962427e+01,-3.000000000000000000e+00,-3.000000000000000000e+00
-8.989974937343358619e+00,-1.197994987468671724e+01,-3.000000000000000000e+00,-3.000000000000000000e+00
-8.904761904761905100e+00,-1.180952380952381020e+01,-3.000000000000000000e+00,-3.000000000000000000e+00
-8.819548872180451582e+00,-1.163909774436090316e+01,-3.000000000000000000e+00,-3.000000000000000000e+00
-8.734335839598998064e+00,-1.146867167919799613e+01,-3.000000000000000000e+00,-3.000000000000000000e+00
-8.649122807017544545e+00,-1.129824561403508909e+01,-3.000000000000000000e+00,-3.000000000000000000e+00
-8.563909774436091027e+00,-1.112781954887218205e+01,-3.000000000000000000e+00,-3.000000000000000000e+00
-8.478696741854637509e+00,-1.095739348370927502e+01,-3.000000000000000000e+00,-3.000000000000000000e+00
-8.393483709273183990e+00,-1.078696741854636798e+01,-3.000000000000000000e+00,-3.000000000000000000e+00
-8.308270676691730472e+00,-1.061654135338346094e+01,-3.000000000000000000e+00,-3.000000000000000000e+00
-8.223057644110276954e+00,-1.044611528822055391e+01,-3.000000000000000000e+00,-3.000000000000000000e+00
-8.137844611528823435e+00,-1.027568922305764687e+01,-3.000000000000000000e+00,-3.000000000000000000e+00
-8.052631578947368141e+00,-1.010526315789473628e+01,-3.000000000000000000e+00,-3.000000000000000000e+00
-7.967418546365914622e+00,-9.934837092731829244e+00,-3.000000000000000000e+00,-3.000000000000000000e+00
-7.882205513784461104e+00,-9.764411027568922208e+00,-3.000000000000000000e+00,-3.000000000000000000e+00
-7.796992481203007586e+00,-9.593984962406015171e+00,-3.000000000000000000e+00,-3.000000000000000000e+00
-7.711779448621554067e+00,-9.423558897243108134e+00,-3.000000000000000000e+00,-3.000000000000000000e+00
-7.626566416040100549e+00,-9.253132832080201098e+00,-3.000000000000000000e+00,-3.000000000000000000e+00
-7.541353383458647031e+00,-9.082706766917294061e+00,-3.000000000000000000e+00,-3.000000000000000000e+00
-7.456140350877193512e+00,-8.912280701754387024e+00,-3.000000000000000000e+00,-3.000000000000000000e+00
-7.370927318295739994e+00,-8.741854636591479988e+00,-3.000000000000000000e+00,-3.000000000000000000e+00
-7.285714285714286476e+00,-8.571428571428572951e+00,-3.000000000000000000e+00,-3.000000000000000000e+00
-7.200501253132832957e+00,-8.401002506265665914e+00,-3.000000000000000000e+00,-3.000000000000000000e+00
-7.115288220551379439e+00,-8.230576441102758878e+00,-3.000000000000000000e+00,-3.000000000000000000e+00
-7.030075187969925921e+00,-8.060150375939851841e+00,-3.000000000000000000e+00,-3.000000000000000000e+00
-6.944862155388472402e+00,-7.889724310776944805e+00,-3.000000000000000000e+00,-3.000000000000000000e+00
-6.859649122807018884e+00,-7.719298245614037768e+00,-3.000000000000000000e+00,-3.000000000000000000e+00
-6.774436090225563589e+00,-7.548872180451127178e+00,-3.000000000000000000e+00,-3.000000000000000000e+00
-6.689223057644110071e+00,-7.378446115288220142e+00,-3.000000000000000000e+00,-3.000000000000000000e+00
-6.604010025062656553e+00,-7.208020050125313105e+00,-3.000000000000000000e+00,-3.000000000000000000e+00
-6.518796992481203034e+00,-7.037593984962406068e+00,-3.000000000000000000e+00,-3.000000000000000000e+00
-6.433583959899749516e+00,-6.867167919799499032e+00,-3.000000000000000000e+00,-3.000000000000000000e+00
-6.348370927318295998e+00,-6.696741854636591995e+00,-3.000000000000000000e+00,-3.000000000000000000e+00
-6.263157894736842479e+00,-6.526315789473684958e+00,-3.000000000000000000e+00,-3.000000000000000000e+00
-6.177944862155388961e+00,-6.355889724310777922e+00,-3.000000000000000000e+00,-3.000000000000000000e+00
-6.092731829573935443e+00,-6.185463659147870885e+00,-3.000000000000000000e+00,-3.000000000000000000e+00
-6.007518796992481924e+00,-6.015037593984963848e+00,-3.000000000000000000e+00,-3.000000000000000000e+00
-5.922305764411028406e+00,-5.844611528822056812e+00,-3.000000000000000000e+00,-3.000000000000000000e+00
-5.837092731829574888e+00,-5.674185463659149775e+00,-3.000000000000000000e+00,-3.000000000000000000e+00
-5.751879699248121369e+00,-5.503759398496242738e+00,-3.000000000000000000e+00,-3.000000000000000000e+00
-5.666666666666667851e+00,-5.333333333333335702e+00,-3.000000000000000000e+00,-3.000000000000000000e+00
-5.581453634085214333e+00,-5.162907268170428665e+00,-3.000000000000000000e+00,-3.000000000000000000e+00
-5.496240601503760814e+00,-4.992481203007521628e+00,-3.000000000000000000e+00,-3.000000000000000000e+00
-5.411027568922307296e+00,-4.822055137844614592e+00,-3.000000000000000000e+00,-3.000000000000000000e+00
-5.325814536340852001e+00,-4.651629072681704002e+00,-3.000000000000000000e+00,-3.000000000000000000e+00
-5.240601503759398483e+00,-4.481203007518796966e+00,-3.000000000000000000e+00,-3.000000000000000000e+00
-5.155388471177944965e+00,-4.310776942355889929e+00,-3.000000000000000000e+00,-3.000000000000000000e+00
-5.070175438596491446e+00,-4.140350877192982892e+00,-3.000000000000000000e+00,-3.000000000000000000e+00
-4.984962406015037928e+00,-3.969924812030075856e+00,-3.000000000000000000e+00,-3.000000000000000000e+00
-4.899749373433584410e+00,-3.799498746867168819e+00,-3.000000000000000000e+00,-3.000000000000000000e+00
-4.814536340852130891e+00,-3.629072681704261782e+00,-3.000000000000000000e+00,-3.000000000000000000e+00
-4.729323308270677373e+00,-3.458646616541354746e+00,-3.000000000000000000e+00,-3.000000000000000000e+00
-4.644110275689223855e+00,-3.288220551378447709e+00,-3.000000000000000000e+00,-3.000000000000000000e+00
-4.558897243107770336e+00,-3.117794486215540672e+00,-3.000000000000000000e+00,-3.000000000000000000e+00
-4.473684210526316818e+00,-2.947368421052633636e+00,-3.000000000000000000e+00,-3.000000000000000000e+00
-4.388471177944863300e+00,-2.776942355889726599e+00,-3.000000000000000000e+00,-3.000000000000000000e+00
-4.303258145363409781e+00,-2.606516290726819562e+00,-3.000000000000000000e+00,-3.000000000000000000e+00
-4.218045112781956263e+00,-2.436090225563912526e+00,-3.000000000000000000e+00,-3.000000000000000000e+00
-4.132832080200502745e+00,-2.265664160401005489e+00,-3.000000000000000000e+00,-3.000000000000000000e+00
-4.047619047619047450e+00,-2.095238095238094900e+00,-3.000000000000000000e+00,-3.000000000000000000e+00
-3.962406015037593932e+00,-1.924812030075187863e+00,-3.000000000000000000e+00,-3.000000000000000000e+00
-3.877192982456140413e+00,-1.754385964912280826e+00,-3.000000000000000000e+00,-3.000000000000000000e+00
-3.791979949874686895e+00,-1.583959899749373790e+00,-3.000000000000000000e+00,-3.000000000000000000e+00
-3.706766917293233377e+00,-1.413533834586466753e+00,-3.000000000000000000e+00,-3.000000000000000000e+00
-3.621553884711779858e+00,-1.243107769423559716e+00,-3.000000000000000000e+00,-3.000000000000000000e+00
-3.536340852130326340e+00,-1.072681704260652680e+00,-3.000000000000000000e+00,-3.000000000000000000e+00
-3.451127819548872822e+00,-9.022556390977456431e-01,-3.000000000000000000e+00,-3.000000000000000000e+00
-3.365914786967419303e+00,-7.318295739348386064e-01,-3.000000000000000000e+00,-3.000000000000000000e+00
-3.280701754385965785e+00,-5.614035087719315698e-01,-3.000000000000000000e+00,-3.000000000000000000e+00
-3.195488721804512267e+00,-3.909774436090245331e-01,-3.000000000000000000e+00,-3.000000000000000000e+00
-3.110275689223058748e+00,-2.205513784461174964e-01,-3.000000000000000000e+00,-3.000000000000000000e+00
-3.025062656641605230e+00,-5.012531328321045976e-02,-3.000000000000000000e+00,-3.000000000000000000e+00
-2.939849624060151712e+00,1.203007518796965769e-01,-3.000000000000000000e+00,-3.000000000000000000e+00
-2.854636591478698193e+00,2.907268170426036136e-01,-3.000000000000000000e+00,-3.000000000000000000e+00
-2.769423558897244675e+00,4.611528822055106502e-01,-3.000000000000000000e+00,-3.000000000000000000e+00
-2.684210526315791157e+00,6.315789473684176869e-01,-3.000000000000000000e+00,-3.000000000000000000e+00
-2.598997493734335862e+00,8.020050125313282763e-01,-3.000000000000000000e+00,-3.000000000000000000e+00
-2.513784461152882344e+00,9.724310776942353129e-01,-3.000000000000000000e+00,-3.000000000000000000e+00
-2.428571428571428825e+00,1.142857142857142350e+00,-3.000000000000000000e+00,-3.000000000000000000e+00
-2.343358395989975307e+00,1.313283208020049386e+00,-3.000000000000000000e+00,-3.000000000000000000e+00
-2.258145363408521789e+00,1.483709273182956423e+00,-3.000000000000000000e+00,-3.000000000000000000e+00
-2.172932330827068270e+00,1.654135338345863460e+00,-3.000000000000000000e+00,-3.000000000000000000e+00
-2.087719298245614752e+00,1.824561403508770496e+00,-3.000000000000000000e+00,-3.000000000000000000e+00
-2.002506265664161234e+00,1.994987468671677533e+00,-3.000000000000000000e+00,-3.000000000000000000e+00
-1.917293233082707715e+00,2.165413533834584570e+00,-3.000000000000000000e+00,-3.000000000000000000e+00
-1.832080200501254197e+00,2.335839598997491606e+00,-3.000000000000000000e+00,-3.000000000000000000e+00
-1.746867167919800679e+00,2.506265664160398643e+00,-3.000000000000000000e+00,-3.000000000000000000e+00
-1.661654135338347160e+00,2.676691729323305680e+00,-3.000000000000000000e+00,-3.000000000000000000e+00
-1.576441102756893642e+00,2.847117794486212716e+00,-3.000000000000000000e+00,-3.000000000000000000e+00
-1.491228070175440124e+00,3.017543859649119753e+00,-3.000000000000000000e+00,-3.000000000000000000e+00
-1.406015037593986605e+00,3.187969924812026790e+00,-3.000000000000000000e+00,-3.000000000000000000e+00
-1.320802005012531311e+00,3.358395989974937379e+00,-3.000000000000000000e+00,-3.000000000000000000e+00
-1.235588972431077792e+00,3.528822055137844416e+00,-3.000000000000000000e+00,-3.000000000000000000e+00
-1.150375939849624274e+00,3.699248120300751452e+00,-3.000000000000000000e+00,-3.000000000000000000e+00
-1.065162907268170756e+00,3.869674185463658489e+00,-3.000000000000000000e+00,-3.000000000000000000e+00
-9.799498746867172372e-01,4.040100250626565526e+00,-3.000000000000000000e+00,-3.000000000000000000e+00
-8.947368421052637188e-01,4.210526315789472562e+00,-3.000000000000000000e+00,-3.000000000000000000e+00
-8.095238095238102005e-01,4.380952380952379599e+00,-3.000000000000000000e+00,-3.000000000000000000e+00
-7.243107769423566822e-01,4.551378446115286636e+00,-3.000000000000000000e+00,-3.000000000000000000e+00
-6.390977443609031639e-01,4.721804511278193672e+00,-3.000000000000000000e+00,-3.000000000000000000e+00
-5.538847117794496455e-01,4.892230576441100709e+00,-3.000000000000000000e+00,-3.000000000000000000e+00
-4.686716791979961272e-01,5.062656641604007746e+00,-3.000000000000000000e+00,-3.000000000000000000e+00
-3.834586466165426089e-01,5.233082706766914782e+00,-3.000000000000000000e+00,-3.000000000000000000e+00
-2.982456140350890905e-01,5.403508771929821819e+00,-3.000000000000000000e+00,-3.000000000000000000e+00
-2.130325814536355722e-01,5.573934837092728856e+00,-3.000000000000000000e+00,-3.000000000000000000e+00
-1.278195488721820539e-01,5.744360902255635892e+00,-3.000000000000000000e+00,-3.000000000000000000e+00
-4.260651629072853552e-02,5.914786967418542929e+00,-3.000000000000000000e+00,-3.000000000000000000e+00
4.260651629072498281e-02,6.085213032581449966e+00,-3.000000000000000000e+00,-3.000000000000000000e+00
1.278195488721785011e-01,6.255639097744357002e+00,-3.000000000000000000e+00,-3.000000000000000000e+00
2.130325814536320195e-01,6.426065162907264039e+00,-3.000000000000000000e+00,-3.000000000000000000e+00
2.982456140350855378e-01,6.596491228070171076e+00,-3.000000000000000000e+00,-3.000000000000000000e+00
3.834586466165390561e-01,6.766917293233078112e+00,-3.000000000000000000e+00,-3.000000000000000000e+00
4.686716791979925745e-01,6.937343358395985149e+00,-3.000000000000000000e+00,-3.000000000000000000e+00
5.538847117794460928e-01,7.107769423558892186e+00,-3.000000000000000000e+00,-3.000000000000000000e+00
6.390977443608996111e-01,7.278195488721799222e+00,-3.000000000000000000e+00,-3.000000000000000000e+00
7.243107769423531295e-01,7.448621553884706259e+00,-3.000000000000000000e+00,-3.000000000000000000e+00
8.095238095238102005e-01,7.619047619047620401e+00,-3.000000000000000000e+00,-3.000000000000000000e+00
8.947368421052637188e-01,7.789473684210527438e+00,-3.000000000000000000e+00,-3.000000000000000000e+00
9.799498746867172372e-01,7.959899749373434474e+00,-3.000000000000000000e+00,-3.000000000000000000e+00
1.065162907268170756e+00,8.130325814536341511e+00,-3.000000000000000000e+00,-3.000000000000000000e+00
1.150375939849624274e+00,8.300751879699248548e+00,-3.000000000000000000e+00,-3.000000000000000000e+00
1.235588972431077792e+00,8.471177944862155584e+00,-3.000000000000000000e+00,-3.000000000000000000e+00
1.320802005012531311e+00,8.641604010025062621e+00,-3.000000000000000000e+00,-3.000000000000000000e+00
1.406015037593984829e+00,8.812030075187969658e+00,-3.000000000000000000e+00,-3.000000000000000000e+00
1.491228070175438347e+00,8.982456140350876694e+00,-3.000000000000000000e+00,-3.000000000000000000e+00
1.576441102756891866e+00,9.152882205513783731e+00,-3.000000000000000000e+00,-3.000000000000000000e+00
1.661654135338345384e+00,9.323308270676690768e+00,-3.000000000000000000e+00,-3.000000000000000000e+00
1.746867167919798902e+00,9.493734335839597804e+00,-3.000000000000000000e+00,-3.000000000000000000e+00
1.832080200501252421e+00,9.664160401002504841e+00,-3.000000000000000000e+00,-3.000000000000000000e+00
1.917293233082705939e+00,9.834586466165411878e+00,-3.000000000000000000e+00,-3.000000000000000000e+00
2.002506265664159457e+00,1.000501253132831891e+01,-3.000000000000000000e+00,-3.000000000000000000e+00
2.087719298245612976e+00,1.017543859649122595e+01,-3.000000000000000000e+00,-3.000000000000000000e+00
2.172932330827066494e+00,1.034586466165413299e+01,-3.000000000000000000e+00,-3.000000000000000000e+00
2.258145363408520012e+00,1.051629072681704002e+01,-3.000000000000000000e+00,-3.000000000000000000e+00
2.343358395989973531e+00,1.068671679197994706e+01,-3.000000000000000000e+00,-3.000000000000000000e+00
2.428571428571427049e+00,1.085714285714285410e+01,-3.000000000000000000e+00,-3.000000000000000000e+00
2.513784461152880567e+00,1.102756892230576113e+01,-3.000000000000000000e+00,-3.000000000000000000e+00
2.598997493734334086e+00,1.119799498746866817e+01,-3.000000000000000000e+00,-3.000000000000000000e+00
2.684210526315787604e+00,1.136842105263157521e+01,-3.000000000000000000e+00,-3.000000000000000000e+00
2.769423558897241122e+00,1.153884711779448224e+01,-3.000000000000000000e+00,-3.000000000000000000e+00
2.854636591478694641e+00,1.170927318295738928e+01,-3.000000000000000000e+00,-3.000000000000000000e+00
2.939849624060148159e+00,1.187969924812029632e+01,-3.000000000000000000e+00,-3.000000000000000000e+00
3.025062656641601677e+00,1.205012531328320335e+01,-3.000000000000000000e+00,-3.000000000000000000e+00
3.110275689223055195e+00,1.222055137844611039e+01,-3.000000000000000000e+00,-3.000000000000000000e+00
3.195488721804508714e+00,1.239097744360901743e+01,-3.000000000000000000e+00,-3.000000000000000000e+00
3.280701754385962232e+00,1.256140350877192446e+01,-3.000000000000000000e+00,-3.000000000000000000e+00
3.365914786967415750e+00,1.273182957393483150e+01,-3.000000000000000000e+00,-3.000000000000000000e+00
3.451127819548872822e+00,1.290225563909774564e+01,-3.000000000000000000e+00,-3.000000000000000000e+00
3.536340852130326340e+00,1.307268170426065268e+01,-3.000000000000000000e+00,-3.000000000000000000e+00
3.621553884711779858e+00,1.324310776942355972e+01,-3.000000000000000000e+00,-3.000000000000000000e+00
3.706766917293233377e+00,1.341353383458646675e+01,-3.000000000000000000e+00,-3.000000000000000000e+00
3.791979949874686895e+00,1.358395989974937379e+01,-3.000000000000000000e+00,-3.000000000000000000e+00
3.877192982456140413e+00,1.375438596491228083e+01,-3.000000000000000000e+00,-3.000000000000000000e+00
3.962406015037593932e+00,1.392481203007518786e+01,-3.000000000000000000e+00,-3.000000000000000000e+00
4.047619047619047450e+00,1.409523809523809490e+01,-3.000000000000000000e+00,-3.000000000000000000e+00
4.132832080200500968e+00,1.426566416040100194e+01,-3.000000000000000000e+00,-3.000000000000000000e+00
4.218045112781954487e+00,1.443609022556390897e+01,-3.000000000000000000e+00,-3.000000000000000000e+00
4.303258145363408005e+00,1.460651629072681601e+01,-3.000000000000000000e+00,-3.000000000000000000e+00
4.388471177944861523e+00,1.477694235588972305e+01,-3.000000000000000000e+00,-3.000000000000000000e+00
4.473684210526315042e+00,1.494736842105263008e+01,-3.000000000000000000e+00,-3.000000000000000000e+00
4.558897243107768560e+00,1.511779448621553712e+01,-3.000000000000000000e+00,-3.000000000000000000e+00
4.644110275689222078e+00,1.528822055137844416e+01,-3.000000000000000000e+00,-3.000000000000000000e+00
4.729323308270675597e+00,1.545864661654135119e+01,-3.000000000000000000e+00,-3.000000000000000000e+00
4.814536340852129115e+00,1.562907268170425823e+01,-3.000000000000000000e+00,-3.000000000000000000e+00
4.899749373433582633e+00,1.579949874686716527e+01,-3.000000000000000000e+00,-3.000000000000000000e+00
4.984962406015036152e+00,1.596992481203007230e+01,-3.000000000000000000e+00,-3.000000000000000000e+00
5.070175438596489670e+00,1.614035087719297934e+01,-3.000000000000000000e+00,-3.000000000000000000e+00
5.155388471177943188e+00,1.631077694235588638e+01,-3.000000000000000000e+00,-3.000000000000000000e+00
5.240601503759396707e+00,1.648120300751879341e+01,-3.000000000000000000e+00,-3.000000000000000000e+00
5.325814536340850225e+00,1.665162907268170045e+01,-3.000000000000000000e+00,-3.000000000000000000e+00
5.411027568922303743e+00,1.682205513784460749e+01,-3.000000000000000000e+00,-3.000000000000000000e+00
5.496240601503757262e+00,1.699248120300751452e+01,-3.000000000000000000e+00,-3.000000000000000000e+00
5.581453634085210780e+00,1.716290726817042156e+01,-3.000000000000000000e+00,-3.000000000000000000e+00
5.666666666666664298e+00,1.733333333333332860e+01,-3.000000000000000000e+00,-3.000000000000000000e+00
5.751879699248117817e+00,1.750375939849623563e+01,-3.000000000000000000e+00,-3.000000000000000000e+00
5.837092731829571335e+00,1.767418546365914267e+01,-3.000000000000000000e+00,-3.000000000000000000e+00
5.922305764411024853e+00,1.784461152882204971e+01,-3.000000000000000000e+00,-3.000000000000000000e+00
6.007518796992478372e+00,1.801503759398495674e+01,-3.000000000000000000e+00,-3.000000000000000000e+00
6.092731829573931890e+00,1.818546365914786378e+01,-3.000000000000000000e+00,-3.000000000000000000e+00
6.177944862155385408e+00,1.835588972431077082e+01,-3.000000000000000000e+00,-3.000000000000000000e+00
6.263157894736842479e+00,1.852631578947368496e+01,-3.000000000000000000e+00,-3.000000000000000000e+00
6.348370927318295998e+00,1.869674185463659200e+01,-3.000000000000000000e+00,-3.000000000000000000e+00
6.433583959899749516e+00,1.886716791979949903e+01,-3.000000000000000000e+00,-3.000000000000000000e+00
6.518796992481203034e+00,1.903759398496240607e+01,-3.000000000000000000e+00,-3.000000000000000000e+00
6.604010025062656553e+00,1.920802005012531311e+01,-3.000000000000000000e+00,-3.000000000000000000e+00
6.689223057644110071e+00,1.937844611528822014e+01,-3.000000000000000000e+00,-3.000000000000000000e+00
6.774436090225563589e+00,1.954887218045112718e+01,-3.000000000000000000e+00,-3.000000000000000000e+00
6.859649122807017108e+00,1.971929824561403422e+01,-3.000000000000000000e+00,-3.000000000000000000e+00
6.944862155388470626e+00,1.988972431077694125e+01,-3.000000000000000000e+00,-3.000000000000000000e+00
7.030075187969924144e+00,2.006015037593984829e+01,-3.000000000000000000e+00,-3.000000000000000000e+00
7.115288220551377663e+00,2.023057644110275533e+01,-3.000000000000000000e+00,-3.000000000000000000e+00
7.200501253132831181e+00,2.040100250626566236e+01,-3.000000000000000000e+00,-3.000000000000000000e+00
7.285714285714284699e+00,2.057142857142856940e+01,-3.000000000000000000e+00,-3.000000000000000000e+00
7.370927318295738218e+00,2.074185463659147644e+01,-3.000000000000000000e+00,-3.000000000000000000e+00
7.456140350877191736e+00,2.091228070175438347e+01,-3.000000000000000000e+00,-3.000000000000000000e+00
7.541353383458645254e+00,2.108270676691729051e+01,-3.000000000000000000e+00,-3.000000000000000000e+00
7.626566416040098773e+00,2.125313283208019755e+01,-3.000000000000000000e+00,-3.000000000000000000e+00
7.711779448621552291e+00,2.142355889724310458e+01,-3.000000000000000000e+00,-3.000000000000000000e+00
7.796992481203005809e+00,2.159398496240601162e+01,-3.000000000000000000e+00,-3.000000000000000000e+00
7.882205513784459328e+00,2.176441102756891866e+01,-3.000000000000000000e+00,-3.000000000000000000e+00
7.967418546365912846e+00,2.193483709273182569e+01,-3.000000000000000000e+00,-3.000000000000000000e+00
8.052631578947366364e+00,2.210526315789473273e+01,-3.000000000000000000e+00,-3.000000000000000000e+00
8.137844611528819883e+00,2.227568922305763977e+01,-3.000000000000000000e+00,-3.000000000000000000e+00
8.223057644110273401e+00,2.244611528822054680e+01,-3.000000000000000000e+00,-3.000000000000000000e+00
8.308270676691726919e+00,2.261654135338345384e+01,-3.000000000000000000e+00,-3.000000000000000000e+00
8.393483709273180438e+00,2.278696741854636088e+01,-3.000000000000000000e+00,-3.000000000000000000e+00
8.478696741854633956e+00,2.295739348370926791e+01,-3.000000000000000000e+00,-3.000000000000000000e+00
8.563909774436087474e+00,2.312781954887217495e+01,-3.000000000000000000e+00,-3.000000000000000000e+00
8.649122807017540993e+00,2.329824561403508199e+01,-3.000000000000000000e+00,-3.000000000000000000e+00
8.734335839598994511e+00,2.346867167919798902e+01,-3.000000000000000000e+00,-3.000000000000000000e+00
8.819548872180448029e+00,2.363909774436089606e+01,-3.000000000000000000e+00,-3.000000000000000000e+00
8.904761904761905100e+00,2.380952380952381020e+01,-3.000000000000000000e+00,-3.000000000000000000e+00
8.989974937343358619e+00,2.397994987468671724e+01,-3.000000000000000000e+00,-3.000000000000000000e+00
9.075187969924812137e+00,2.415037593984962427e+01,-3.000000000000000000e+00,-3.000000000000000000e+00
9.160401002506265655e+00,2.432080200501253131e+01,-3.000000000000000000e+00,-3.000000000000000000e+00
9.245614035087719174e+00,2.449122807017543835e+01,-3.000000000000000000e+00,-3.000000000000000000e+00
9.330827067669172692e+00,2.466165413533834538e+01,-3.000000000000000000e+00,-3.000000000000000000e+00
9.416040100250626210e+00,2.483208020050125242e+01,-3.000000000000000000e+00,-3.000000000000000000e+00
9.501253132832079729e+00,2.500250626566415946e+01,-3.000000000000000000e+00,-3.000000000000000000e+00
9.586466165413533247e+00,2.517293233082706649e+01,-3.000000000000000000e+00,-3.000000000000000000e+00
9.671679197994986765e+00,2.534335839598997353e+01,-3.000000000000000000e+00,-3.000000000000000000e+00
9.756892230576440284e+00,2.551378446115288057e+01,-3.000000000000000000e+00,-3.000000000000000000e+00
9.842105263157893802e+00,2.568421052631578760e+01,-3.000000000000000000e+00,-3.000000000000000000e+00
9.927318295739347320e+00,2.585463659147869464e+01,-3.000000000000000000e+00,-3.000000000000000000e+00
1.001253132832080084e+01,2.602506265664160168e+01,-3.000000000000000000e+00,-3.000000000000000000e+00
1.009774436090225436e+01,2.619548872180450871e+01,-3.000000000000000000e+00,-3.000000000000000000e+00
1.018295739348370788e+01,2.636591478696741575e+01,-3.000000000000000000e+00,-3.000000000000000000e+00
1.026817042606516139e+01,2.653634085213032279e+01,-3.000000000000000000e+00,-3.000000000000000000e+00
1.035338345864661491e+01,2.670676691729322982e+01,-3.000000000000000000e+00,-3.000000000000000000e+00
1.043859649122806843e+01,2.687719298245613686e+01,-3.000000000000000000e+00,-3.000000000000000000e+00
1.052380952380952195e+01,2.704761904761904390e+01,-3.000000000000000000e+00,-3.000000000000000000e+00
1.060902255639097547e+01,2.721804511278195093e+01,-3.000000000000000000e+00,-3.000000000000000000e+00
1.069423558897242899e+01,2.738847117794485797e+01,-3.000000000000000000e+00,-3.000000000000000000e+00
1.077944862155388250e+01,2.755889724310776501e+01,-3.000000000000000000e+00,-3.000000000000000000e+00
1.086466165413533602e+01,2.772932330827067204e+01,-3.000000000000000000e+00,-3.000000000000000000e+00
1.094987468671678954e+01,2.789974937343357908e+01,-3.000000000000000000e+00,-3.000000000000000000e+00
1.103508771929824306e+01,2.807017543859648612e+01,-3.000000000000000000e+00,-3.000000000000000000e+00
1.112030075187969658e+01,2.824060150375939315e+01,-3.000000000000000000e+00,-3.000000000000000000e+00
1.120551378446115010e+01,2.841102756892230019e+01,-3.000000000000000000e+00,-3.000000000000000000e+00
1.129072681704260361e+01,2.858145363408520723e+01,-3.000000000000000000e+00,-3.000000000000000000e+00
1.137593984962405713e+01,2.875187969924811426e+01,-3.000000000000000000e+00,-3.000000000000000000e+00
1.146115288220551065e+01,2.892230576441102130e+01,-3.000000000000000000e+00,-3.000000000000000000e+00
1.154636591478696417e+01,2.909273182957392834e+01,-3.000000000000000000e+00,-3.000000000000000000e+00
1.163157894736841769e+01,2.926315789473683537e+01,-3.000000000000000000e+00,-3.000000000000000000e+00
1.171679197994987476e+01,2.943358395989974952e+01,-3.000000000000000000e+00,-3.000000000000000000e+00
1.180200501253132828e+01,2.960401002506265655e+01,-3.000000000000000000e+00,-3.000000000000000000e+00
1.188721804511278179e+01,2.977443609022556359e+01,-3.000000000000000000e+00,-3.000000000000000000e+00
1.197243107769423531e+01,2.994486215538847063e+01,-3.000000000000000000e+00,-3.000000000000000000e+00
1.205764411027568883e+01,3.011528822055137766e+01,-3.000000000000000000e+00,-3.000000000000000000e+00
1.214285714285714235e+01,3.028571428571428470e+01,-3.000000000000000000e+00,-3.000000000000000000e+00
1.222807017543859587e+01,3.045614035087719174e+01,-3.000000000000000000e+00,-3.000000000000000000e+00
1.231328320802004939e+01,3.062656641604009877e+01,-3.000000000000000000e+00,-3.000000000000000000e+00
1.239849624060150290e+01,3.079699248120300581e+01,-3.000000000000000000e+00,-3.000000000000000000e+00
1.248370927318295642e+01,3.096741854636591285e+01,-3.000000000000000000e+00,-3.000000000000000000e+00
1.256892230576440994e+01,3.113784461152881988e+01,-3.000000000000000000e+00,-3.000000000000000000e+00
1.265413533834586346e+01,3.130827067669172692e+01,-3.000000000000000000e+00,-3.000000000000000000e+00
1.273934837092731698e+01,3.147869674185463396e+01,-3.000000000000000000e+00,-3.000000000000000000e+00
1.282456140350877050e+01,3.164912280701754099e+01,-3.000000000000000000e+00,-3.000000000000000000e+00
1.290977443609022401e+01,3.181954887218044803e+01,-3.000000000000000000e+00,-3.000000000000000000e+00
1.299498746867167753e+01,3.198997493734335507e+01,-3.000000000000000000e+00,-3.000000000000000000e+00
1.308020050125313105e+01,3.216040100250626210e+01,-3.000000000000000000e+00,-3.000000000000000000e+00
1.316541353383458457e+01,3.233082706766916914e+01,-3.000000000000000000e+00,-3.000000000000000000e+00
1.325062656641603809e+01,3.250125313283207618e+01,-3.000000000000000000e+00,-3.000000000000000000e+00
1.333583959899749161e+01,3.267167919799498321e+01,-3.000000000000000000e+00,-3.000000000000000000e+00
1.342105263157894512e+01,3.284210526315789025e+01,-3.000000000000000000e+00,-3.000000000000000000e+00
1.350626566416039864e+01,3.301253132832079729e+01,-3.000000000000000000e+00,-3.000000000000000000e+00
1.359147869674185216e+01,3.318295739348370432e+01,-3.000000000000000000e+00,-3.000000000000000000e+00
1.367669172932330568e+01,3.335338345864661136e+01,-3.000000000000000000e+00,-3.000000000000000000e+00
1.376190476190475920e+01,3.352380952380951840e+01,-3.000000000000000000e+00,-3.000000000000000000e+00
1.384711779448621272e+01,3.369423558897242543e+01,-3.000000000000000000e+00,-3.000000000000000000e+00
1.393233082706766623e+01,3.386466165413533247e+01,-3.000000000000000000e+00,-3.000000000000000000e+00
1.401754385964911975e+01,3.403508771929823951e+01,-3.000000000000000000e+00,-3.000000000000000000e+00
1.410275689223057327e+01,3.420551378446114654e+01,-3.000000000000000000e+00,-3.000000000000000000e+00
1.418796992481202679e+01,3.437593984962405358e+01,-3.000000000000000000e+00,-3.000000000000000000e+00
1.427318295739348031e+01,3.454636591478696062e+01,-3.000000000000000000e+00,-3.000000000000000000e+00
1.435839598997493738e+01,3.471679197994987476e+01,-3.000000000000000000e+00,-3.000000000000000000e+00
1.444360902255639090e+01,3.488721804511278179e+01,-3.000000000000000000e+00,-3.000000000000000000e+00
1.452882205513784442e+01,3.505764411027568883e+01,-3.000000000000000000e+00,-3.000000000000000000e+00
1.461403508771929793e+01,3.522807017543859587e+01,-3.000000000000000000e+00,-3.000000000000000000e+00
1.469924812030075145e+01,3.539849624060150290e+01,-3.000000000000000000e+00,-3.000000000000000000e+00
1.478446115288220497e+01,3.556892230576440994e+01,-3.000000000000000000e+00,-3.000000000000000000e+00
1.486967418546365849e+01,3.573934837092731698e+01,-3.000000000000000000e+00,-3.000000000000000000e+00
1.495488721804511201e+01,3.590977443609022401e+01,-3.000000000000000000e+00,-3.000000000000000000e+00
1.504010025062656553e+01,3.608020050125313105e+01,-3.000000000000000000e+00,-3.000000000000000000e+00
1.512531328320801549e+01,3.625062656641603098e+01,-3.000000000000000000e+00,-3.000000000000000000e+00
1.521052631578947256e+01,3.642105263157894512e+01,-3.000000000000000000e+00,-3.000000000000000000e+00
1.529573934837092253e+01,3.659147869674184506e+01,-3.000000000000000000e+00,-3.000000000000000000e+00
1.538095238095237960e+01,3.676190476190475920e+01,-3.000000000000000000e+00,-3.000000000000000000e+00
1.546616541353382956e+01,3.693233082706765913e+01,-3.000000000000000000e+00,-3.000000000000000000e+00
1.555137844611528664e+01,3.710275689223057327e+01,-3.000000000000000000e+00,-3.000000000000000000e+00
1.563659147869673660e+01,3.727318295739347320e+01,-3.000000000000000000e+00,-3.000000000000000000e+00
1.572180451127819367e+01,3.744360902255638734e+01,-3.000000000000000000e+00,-3.000000000000000000e+00
1.580701754385965074e+01,3.761403508771930149e+01,-3.000000000000000000e+00,-3.000000000000000000e+00
1.589223057644110071e+01,3.778446115288220142e+01,-3.000000000000000000e+00,-3.000000000000000000e+00
1.597744360902255778e+01,3.795488721804511556e+01,-3.000000000000000000e+00,-3.000000000000000000e+00
1.606265664160400775e+01,3.812531328320801549e+01,-3.000000000000000000e+00,-3.000000000000000000e+00
1.614786967418546482e+01,3.829573934837092963e+01,-3.000000000000000000e+00,-3.000000000000000000e+00
1.623308270676691478e+01,3.846616541353382956e+01,-3.000000000000000000e+00,-3.000000000000000000e+00
1.631829573934837185e+01,3.863659147869674371e+01,-3.000000000000000000e+00,-3.000000000000000000e+00
1.640350877192982182e+01,3.880701754385964364e+01,-3.000000000000000000e+00,-3.000000000000000000e+00
1.648872180451127889e+01,3.897744360902255778e+01,-3.000000000000000000e+00,-3.000000000000000000e+00
1.657393483709272886e+01,3.914786967418545771e+01,-3.000000000000000000e+00,-3.000000000000000000e+00
1.665914786967418593e+01,3.931829573934837185e+01,-3.000000000000000000e+00,-3.000000000000000000e+00
1.674436090225563589e+01,3.948872180451127178e+01,-3.000000000000000000e+00,-3.000000000000000000e+00
1.682957393483709296e+01,3.965914786967418593e+01,-3.000000000000000000e+00,-3.000000000000000000e+00
1.691478696741854293e+01,3.982957393483708586e+01,-3.000000000000000000e+00,-3.000000000000000000e+00
1.700000000000000000e+01,4.000000000000000000e+01,-3.000000000000000000e+00,-3.000000000000000000e+00
